0	0.0588379	0.0588379	0.0573731	0.0563965	0.0556641	0.0556641	0.0000000	0.0627441
1	0.0588379	0.0588379	0.0583496	0.0559082	0.0554199	0.0561523	0.0000000	0.0627441
2	0.0588379	0.0590820	0.0576172	0.0556641	0.0556641	0.0563965	0.0000000	0.0627441
3	0.0590820	0.0590820	0.0576172	0.0551758	0.0559082	0.0556641	0.0000000	0.0637207
4	0.0585938	0.0588379	0.0585938	0.0549316	0.0561523	0.0561523	0.0000000	0.0644531
5	0.0588379	0.0593262	0.0583496	0.0549316	0.0566406	0.0561523	0.0000000	0.0651856
6	0.0590820	0.0593262	0.0573731	0.0539551	0.0561523	0.0556641	0.0000000	0.0654297
7	0.0588379	0.0590820	0.0588379	0.0541992	0.0559082	0.0556641	0.0000000	0.0664063
8	0.0588379	0.0593262	0.0576172	0.0541992	0.0559082	0.0554199	0.0000000	0.0673828
9	0.0588379	0.0593262	0.0583496	0.0534668	0.0549316	0.0551758	0.0000000	0.0671387
10	0.0585938	0.0588379	0.0588379	0.0537109	0.0566406	0.0556641	0.0000000	0.0686035
11	0.0585938	0.0588379	0.0585938	0.0534668	0.0566406	0.0551758	0.0000000	0.0664063
12	0.0588379	0.0590820	0.0588379	0.0534668	0.0566406	0.0554199	0.0000000	0.0698242
13	0.0590820	0.0590820	0.0588379	0.0539551	0.0568848	0.0551758	0.0000000	0.0703125
14	0.0590820	0.0588379	0.0578613	0.0549316	0.0568848	0.0549316	0.0000000	0.0705566
15	0.0588379	0.0590820	0.0588379	0.0546875	0.0566406	0.0551758	0.0000000	0.0708008
16	0.0588379	0.0588379	0.0590820	0.0546875	0.0568848	0.0556641	0.0000000	0.0715332
17	0.0593262	0.0590820	0.0578613	0.0544434	0.0571289	0.0549316	0.0000000	0.0715332
18	0.0590820	0.0585938	0.0583496	0.0551758	0.0568848	0.0549316	0.0000000	0.0703125
19	0.0590820	0.0588379	0.0583496	0.0554199	0.0571289	0.0551758	0.0000000	0.0700684
20	0.0590820	0.0588379	0.0581055	0.0551758	0.0573731	0.0549316	0.0000000	0.0681152
21	0.0593262	0.0588379	0.0585938	0.0546875	0.0568848	0.0549316	0.0000000	0.0671387
22	0.0593262	0.0590820	0.0585938	0.0544434	0.0571289	0.0549316	0.0000000	0.0666504
23	0.0590820	0.0588379	0.0583496	0.0544434	0.0571289	0.0546875	0.0000000	0.0646973
24	0.0585938	0.0585938	0.0585938	0.0541992	0.0568848	0.0549316	0.0000000	0.0651856
25	0.0593262	0.0588379	0.0583496	0.0541992	0.0573731	0.0546875	0.0000000	0.0637207
26	0.0590820	0.0585938	0.0583496	0.0539551	0.0571289	0.0549316	0.0000000	0.0617676
27	0.0588379	0.0583496	0.0588379	0.0539551	0.0571289	0.0549316	0.0000000	0.0617676
28	0.0590820	0.0588379	0.0588379	0.0541992	0.0568848	0.0551758	0.0000000	0.0612793
29	0.0590820	0.0583496	0.0583496	0.0537109	0.0571289	0.0549316	0.0000000	0.0593262
30	0.0585938	0.0583496	0.0590820	0.0537109	0.0578613	0.0554199	0.0000000	0.0590820
31	0.0590820	0.0583496	0.0585938	0.0537109	0.0571289	0.0546875	0.0000000	0.0588379
32	0.0588379	0.0585938	0.0585938	0.0534668	0.0571289	0.0551758	0.0000000	0.0581055
33	0.0588379	0.0583496	0.0590820	0.0541992	0.0573731	0.0554199	0.0000000	0.0583496
34	0.0588379	0.0585938	0.0585938	0.0541992	0.0568848	0.0537109	0.0000000	0.0578613
35	0.0585938	0.0583496	0.0585938	0.0541992	0.0568848	0.0556641	0.0000000	0.0571289
36	0.0588379	0.0585938	0.0588379	0.0544434	0.0568848	0.0556641	0.0000000	0.0571289
37	0.0593262	0.0581055	0.0583496	0.0546875	0.0568848	0.0549316	0.0000000	0.0573731
38	0.0590820	0.0585938	0.0588379	0.0549316	0.0566406	0.0551758	0.0000000	0.0568848
39	0.0588379	0.0588379	0.0593262	0.0554199	0.0566406	0.0554199	0.0000000	0.0566406
40	0.0590820	0.0588379	0.0585938	0.0556641	0.0566406	0.0551758	0.0000000	0.0563965
41	0.0588379	0.0585938	0.0588379	0.0559082	0.0563965	0.0554199	0.0000000	0.0559082
42	0.0588379	0.0588379	0.0598145	0.0561523	0.0563965	0.0561523	0.0000000	0.0561523
43	0.0590820	0.0588379	0.0581055	0.0561523	0.0566406	0.0551758	0.0000000	0.0559082
44	0.0585938	0.0585938	0.0585938	0.0563965	0.0563965	0.0554199	0.0000000	0.0561523
45	0.0585938	0.0588379	0.0590820	0.0568848	0.0563965	0.0554199	0.0000000	0.0559082
46	0.0583496	0.0588379	0.0588379	0.0568848	0.0563965	0.0551758	0.0000000	0.0566406
47	0.0588379	0.0583496	0.0593262	0.0566406	0.0561523	0.0561523	0.0000000	0.0556641
48	0.0598145	0.0590820	0.0588379	0.0566406	0.0561523	0.0554199	0.0000000	0.0561523
49	0.0590820	0.0588379	0.0585938	0.0568848	0.0561523	0.0551758	0.0000000	0.0554199
50	0.0590820	0.0581055	0.0595703	0.0568848	0.0563965	0.0559082	0.0000000	0.0554199
51	0.0593262	0.0588379	0.0590820	0.0573731	0.0561523	0.0549316	0.0000000	0.0544434
52	0.0590820	0.0585938	0.0588379	0.0571289	0.0561523	0.0554199	0.0000000	0.0551758
53	0.0585938	0.0585938	0.0598145	0.0571289	0.0561523	0.0559082	0.0000000	0.0554199
54	0.0590820	0.0588379	0.0588379	0.0576172	0.0568848	0.0554199	0.0000000	0.0561523
55	0.0588379	0.0583496	0.0593262	0.0571289	0.0563965	0.0546875	0.0000000	0.0549316
56	0.0585938	0.0585938	0.0598145	0.0573731	0.0566406	0.0551758	0.0000000	0.0556641
57	0.0595703	0.0585938	0.0595703	0.0576172	0.0566406	0.0556641	0.0000000	0.0554199
58	0.0590820	0.0585938	0.0593262	0.0576172	0.0566406	0.0573731	0.0000000	0.0549316
59	0.0588379	0.0585938	0.0598145	0.0576172	0.0571289	0.0556641	0.0000000	0.0556641
60	0.0593262	0.0588379	0.0590820	0.0571289	0.0568848	0.0554199	0.0000000	0.0559082
61	0.0588379	0.0583496	0.0593262	0.0573731	0.0576172	0.0556641	0.0000000	0.0563965
62	0.0588379	0.0585938	0.0598145	0.0576172	0.0576172	0.0559082	0.0000000	0.0561523
63	0.0590820	0.0588379	0.0588379	0.0571289	0.0578613	0.0559082	0.0000000	0.0563965
64	0.0588379	0.0583496	0.0595703	0.0573731	0.0573731	0.0554199	0.0000000	0.0556641
65	0.0588379	0.0585938	0.0598145	0.0578613	0.0573731	0.0556641	0.0000000	0.0573731
66	0.0593262	0.0590820	0.0588379	0.0576172	0.0573731	0.0559082	0.0000000	0.0566406
67	0.0585938	0.0583496	0.0598145	0.0573731	0.0576172	0.0551758	0.0000000	0.0566406
68	0.0588379	0.0588379	0.0590820	0.0576172	0.0578613	0.0556641	0.0000000	0.0573731
69	0.0590820	0.0588379	0.0590820	0.0573731	0.0573731	0.0559082	0.0000000	0.0578613
70	0.0585938	0.0583496	0.0595703	0.0573731	0.0573731	0.0566406	0.0000000	0.0581055
71	0.0593262	0.0588379	0.0590820	0.0576172	0.0576172	0.0563965	0.0000000	0.0593262
72	0.0588379	0.0585938	0.0588379	0.0573731	0.0576172	0.0551758	0.0000000	0.0590820
73	0.0590820	0.0585938	0.0595703	0.0576172	0.0573731	0.0563965	0.0000000	0.0595703
74	0.0590820	0.0585938	0.0590820	0.0573731	0.0576172	0.0566406	0.0000000	0.0605469
75	0.0590820	0.0588379	0.0590820	0.0571289	0.0576172	0.0559082	0.0000000	0.0639649
76	0.0588379	0.0583496	0.0598145	0.0573731	0.0576172	0.0566406	0.0000000	0.0612793
77	0.0590820	0.0588379	0.0595703	0.0576172	0.0573731	0.0566406	0.0000000	0.0627441
78	0.0590820	0.0585938	0.0588379	0.0571289	0.0576172	0.0563965	0.0000000	0.0625000
79	0.0583496	0.0585938	0.0595703	0.0573731	0.0573731	0.0561523	0.0000000	0.0639649
80	0.0588379	0.0588379	0.0590820	0.0576172	0.0571289	0.0561523	0.0000000	0.0637207
81	0.0588379	0.0585938	0.0590820	0.0573731	0.0573731	0.0563965	0.0000000	0.0644531
82	0.0593262	0.0585938	0.0595703	0.0573731	0.0573731	0.0563965	0.0000000	0.0649414
83	0.0593262	0.0585938	0.0588379	0.0573731	0.0573731	0.0563965	0.0000000	0.0644531
84	0.0585938	0.0585938	0.0588379	0.0573731	0.0585938	0.0563965	0.0000000	0.0644531
85	0.0588379	0.0583496	0.0593262	0.0576172	0.0573731	0.0566406	0.0000000	0.0646973
86	0.0593262	0.0588379	0.0585938	0.0576172	0.0568848	0.0559082	0.0000000	0.0639649
87	0.0585938	0.0583496	0.0590820	0.0571289	0.0568848	0.0561523	0.0000000	0.0634766
88	0.0588379	0.0590820	0.0598145	0.0576172	0.0573731	0.0566406	0.0000000	0.0632324
89	0.0595703	0.0590820	0.0583496	0.0576172	0.0573731	0.0561523	0.0000000	0.0625000
90	0.0583496	0.0581055	0.0590820	0.0573731	0.0576172	0.0561523	0.0000000	0.0615234
91	0.0588379	0.0585938	0.0590820	0.0573731	0.0573731	0.0559082	0.0000000	0.0612793
92	0.0588379	0.0588379	0.0581055	0.0571289	0.0573731	0.0561523	0.0000000	0.0605469
93	0.0585938	0.0585938	0.0588379	0.0571289	0.0576172	0.0559082	0.0000000	0.0603027
94	0.0590820	0.0585938	0.0593262	0.0578613	0.0578613	0.0561523	0.0000000	0.0595703
95	0.0588379	0.0585938	0.0595703	0.0576172	0.0578613	0.0561523	0.0000000	0.0598145
96	0.0588379	0.0585938	0.0593262	0.0573731	0.0581055	0.0566406	0.0000000	0.0581055
97	0.0590820	0.0588379	0.0588379	0.0573731	0.0573731	0.0563965	0.0000000	0.0583496
98	0.0590820	0.0585938	0.0585938	0.0576172	0.0576172	0.0551758	0.0000000	0.0571289
99	0.0585938	0.0585938	0.0590820	0.0571289	0.0578613	0.0566406	0.0000000	0.0571289
100	0.0590820	0.0585938	0.0593262	0.0571289	0.0585938	0.0551758	0.0000000	0.0583496
101	0.0590820	0.0585938	0.0581055	0.0568848	0.0573731	0.0559082	0.0000000	0.0537109
102	0.0588379	0.0585938	0.0595703	0.0563965	0.0573731	0.0563965	0.0000000	0.0563965
103	0.0593262	0.0585938	0.0583496	0.0563965	0.0573731	0.0563965	0.0000000	0.0561523
104	0.0590820	0.0578613	0.0588379	0.0563965	0.0571289	0.0559082	0.0000000	0.0559082
105	0.0590820	0.0583496	0.0593262	0.0559082	0.0566406	0.0563965	0.0000000	0.0556641
106	0.0598145	0.0588379	0.0583496	0.0559082	0.0566406	0.0563965	0.0000000	0.0559082
107	0.0593262	0.0585938	0.0588379	0.0561523	0.0566406	0.0566406	0.0000000	0.0549316
108	0.0593262	0.0585938	0.0593262	0.0559082	0.0568848	0.0559082	0.0000000	0.0554199
109	0.0593262	0.0588379	0.0581055	0.0556641	0.0559082	0.0561523	0.0000000	0.0561523
110	0.0581055	0.0588379	0.0588379	0.0551758	0.0559082	0.0559082	0.0000000	0.0546875
111	0.0590820	0.0585938	0.0595703	0.0554199	0.0563965	0.0563965	0.0000000	0.0554199
112	0.0590820	0.0585938	0.0583496	0.0551758	0.0559082	0.0563965	0.0000000	0.0549316
113	0.0585938	0.0588379	0.0590820	0.0551758	0.0559082	0.0561523	0.0000000	0.0544434
114	0.0590820	0.0585938	0.0593262	0.0554199	0.0559082	0.0563965	0.0000000	0.0551758
115	0.0590820	0.0585938	0.0595703	0.0554199	0.0554199	0.0559082	0.0000000	0.0568848
116	0.0585938	0.0588379	0.0593262	0.0554199	0.0551758	0.0563965	0.0000000	0.0541992
117	0.0590820	0.0588379	0.0590820	0.0556641	0.0544434	0.0566406	0.0000000	0.0546875
118	0.0588379	0.0590820	0.0585938	0.0554199	0.0551758	0.0563965	0.0000000	0.0539551
119	0.0588379	0.0585938	0.0593262	0.0556641	0.0546875	0.0563965	0.0000000	0.0539551
120	0.0588379	0.0588379	0.0593262	0.0559082	0.0544434	0.0563965	0.0000000	0.0551758
121	0.0590820	0.0585938	0.0588379	0.0556641	0.0537109	0.0563965	0.0000000	0.0539551
122	0.0585938	0.0585938	0.0593262	0.0559082	0.0549316	0.0559082	0.0000000	0.0546875
123	0.0588379	0.0583496	0.0593262	0.0561523	0.0549316	0.0563965	0.0000000	0.0541992
124	0.0581055	0.0585938	0.0588379	0.0561523	0.0549316	0.0561523	0.0000000	0.0539551
125	0.0583496	0.0583496	0.0593262	0.0561523	0.0554199	0.0563965	0.0000000	0.0546875
126	0.0583496	0.0583496	0.0588379	0.0559082	0.0546875	0.0559082	0.0000000	0.0559082
127	0.0581055	0.0583496	0.0581055	0.0561523	0.0554199	0.0561523	0.0000000	0.0539551
128	0.0578613	0.0578613	0.0593262	0.0563965	0.0556641	0.0561523	0.0000000	0.0546875
129	0.0581055	0.0585938	0.0590820	0.0563965	0.0561523	0.0549316	0.0000000	0.0546875
130	0.0576172	0.0581055	0.0590820	0.0566406	0.0554199	0.0563965	0.0000000	0.0541992
131	0.0576172	0.0581055	0.0598145	0.0568848	0.0561523	0.0561523	0.0000000	0.0546875
132	0.0578613	0.0578613	0.0590820	0.0568848	0.0563965	0.0559082	0.0000000	0.0549316
133	0.0576172	0.0578613	0.0588379	0.0568848	0.0568848	0.0563965	0.0000000	0.0541992
134	0.0571289	0.0578613	0.0595703	0.0571289	0.0571289	0.0561523	0.0000000	0.0551758
135	0.0576172	0.0576172	0.0585938	0.0571289	0.0573731	0.0563965	0.0000000	0.0539551
136	0.0571289	0.0573731	0.0590820	0.0568848	0.0576172	0.0563965	0.0000000	0.0544434
137	0.0571289	0.0573731	0.0593262	0.0573731	0.0568848	0.0559082	0.0000000	0.0551758
138	0.0573731	0.0576172	0.0588379	0.0571289	0.0581055	0.0561523	0.0000000	0.0546875
139	0.0566406	0.0573731	0.0595703	0.0573731	0.0576172	0.0559082	0.0000000	0.0544434
140	0.0568848	0.0576172	0.0593262	0.0573731	0.0573731	0.0561523	0.0000000	0.0554199
141	0.0566406	0.0576172	0.0588379	0.0571289	0.0576172	0.0554199	0.0000000	0.0551758
142	0.0566406	0.0573731	0.0593262	0.0573731	0.0576172	0.0563965	0.0000000	0.0549316
143	0.0563965	0.0576172	0.0590820	0.0573731	0.0571289	0.0563965	0.0000000	0.0551758
144	0.0563965	0.0573731	0.0588379	0.0568848	0.0578613	0.0559082	0.0000000	0.0549316
145	0.0561523	0.0576172	0.0593262	0.0571289	0.0576172	0.0566406	0.0000000	0.0551758
146	0.0563965	0.0576172	0.0593262	0.0573731	0.0581055	0.0563965	0.0000000	0.0573731
147	0.0563965	0.0576172	0.0588379	0.0568848	0.0576172	0.0561523	0.0000000	0.0546875
148	0.0563965	0.0571289	0.0598145	0.0573731	0.0581055	0.0559082	0.0000000	0.0554199
149	0.0568848	0.0571289	0.0595703	0.0571289	0.0585938	0.0554199	0.0000000	0.0556641
150	0.0568848	0.0568848	0.0593262	0.0556641	0.0576172	0.0563965	0.0000000	0.0556641
151	0.0563965	0.0568848	0.0598145	0.0571289	0.0578613	0.0566406	0.0000000	0.0559082
152	0.0566406	0.0566406	0.0588379	0.0573731	0.0578613	0.0563965	0.0000000	0.0561523
153	0.0563965	0.0551758	0.0588379	0.0573731	0.0578613	0.0583496	0.0000000	0.0554199
154	0.0559082	0.0549316	0.0595703	0.0571289	0.0578613	0.0568848	0.0000000	0.0546875
155	0.0559082	0.0544434	0.0588379	0.0568848	0.0571289	0.0563965	0.0000000	0.0561523
156	0.0554199	0.0532227	0.0593262	0.0568848	0.0576172	0.0563965	0.0000000	0.0554199
157	0.0546875	0.0534668	0.0598145	0.0566406	0.0573731	0.0568848	0.0000000	0.0556641
158	0.0549316	0.0527344	0.0588379	0.0561523	0.0568848	0.0563965	0.0000000	0.0554199
159	0.0546875	0.0522461	0.0595703	0.0559082	0.0571289	0.0566406	0.0000000	0.0544434
160	0.0544434	0.0522461	0.0595703	0.0556641	0.0566406	0.0568848	0.0000000	0.0559082
161	0.0546875	0.0522461	0.0585938	0.0551758	0.0568848	0.0563965	0.0000000	0.0554199
162	0.0541992	0.0515137	0.0593262	0.0541992	0.0568848	0.0563965	0.0000000	0.0554199
163	0.0549316	0.0522461	0.0600586	0.0546875	0.0576172	0.0563965	0.0000000	0.0563965
164	0.0546875	0.0522461	0.0588379	0.0541992	0.0581055	0.0561523	0.0000000	0.0554199
165	0.0546875	0.0522461	0.0595703	0.0539551	0.0568848	0.0563965	0.0000000	0.0556641
166	0.0551758	0.0529785	0.0593262	0.0537109	0.0566406	0.0566406	0.0000000	0.0561523
167	0.0551758	0.0524902	0.0588379	0.0522461	0.0566406	0.0561523	0.0000000	0.0559082
168	0.0549316	0.0527344	0.0593262	0.0537109	0.0563965	0.0563965	0.0000000	0.0556641
169	0.0554199	0.0532227	0.0588379	0.0539551	0.0563965	0.0566406	0.0000000	0.0576172
170	0.0554199	0.0529785	0.0588379	0.0541992	0.0568848	0.0556641	0.0000000	0.0559082
171	0.0551758	0.0537109	0.0593262	0.0544434	0.0563965	0.0563965	0.0000000	0.0566406
172	0.0554199	0.0537109	0.0588379	0.0551758	0.0563965	0.0549316	0.0000000	0.0563965
173	0.0556641	0.0539551	0.0585938	0.0541992	0.0571289	0.0563965	0.0000000	0.0561523
174	0.0549316	0.0539551	0.0588379	0.0541992	0.0563965	0.0561523	0.0000000	0.0571289
175	0.0554199	0.0549316	0.0578613	0.0534668	0.0561523	0.0559082	0.0000000	0.0576172
176	0.0549316	0.0546875	0.0578613	0.0546875	0.0561523	0.0559082	0.0000000	0.0551758
177	0.0546875	0.0546875	0.0581055	0.0546875	0.0563965	0.0559082	0.0000000	0.0578613
178	0.0549316	0.0554199	0.0566406	0.0551758	0.0566406	0.0556641	0.0000000	0.0585938
179	0.0549316	0.0551758	0.0566406	0.0556641	0.0563965	0.0554199	0.0000000	0.0585938
180	0.0554199	0.0551758	0.0566406	0.0551758	0.0563965	0.0554199	0.0000000	0.0598145
181	0.0554199	0.0554199	0.0556641	0.0554199	0.0563965	0.0554199	0.0000000	0.0598145
182	0.0556641	0.0556641	0.0549316	0.0556641	0.0563965	0.0554199	0.0000000	0.0615234
183	0.0559082	0.0559082	0.0556641	0.0554199	0.0563965	0.0554199	0.0000000	0.0615234
184	0.0563965	0.0563965	0.0549316	0.0554199	0.0561523	0.0551758	0.0000000	0.0615234
185	0.0561523	0.0559082	0.0549316	0.0554199	0.0563965	0.0551758	0.0000000	0.0622559
186	0.0566406	0.0563965	0.0549316	0.0556641	0.0563965	0.0551758	0.0000000	0.0634766
187	0.0571289	0.0566406	0.0551758	0.0549316	0.0563965	0.0546875	0.0000000	0.0637207
188	0.0568848	0.0566406	0.0556641	0.0554199	0.0566406	0.0549316	0.0000000	0.0639649
189	0.0573731	0.0568848	0.0554199	0.0556641	0.0563965	0.0551758	0.0000000	0.0659180
190	0.0576172	0.0571289	0.0556641	0.0563965	0.0563965	0.0546875	0.0000000	0.0661621
191	0.0573731	0.0571289	0.0566406	0.0559082	0.0566406	0.0551758	0.0000000	0.0666504
192	0.0578613	0.0573731	0.0561523	0.0556641	0.0563965	0.0549316	0.0000000	0.0681152
193	0.0581055	0.0573731	0.0556641	0.0559082	0.0563965	0.0546875	0.0000000	0.0676270
194	0.0573731	0.0568848	0.0566406	0.0559082	0.0571289	0.0546875	0.0000000	0.0688477
195	0.0583496	0.0573731	0.0573731	0.0561523	0.0563965	0.0546875	0.0000000	0.0717774
196	0.0583496	0.0581055	0.0566406	0.0559082	0.0563965	0.0549316	0.0000000	0.0700684
197	0.0578613	0.0576172	0.0573731	0.0561523	0.0561523	0.0546875	0.0000000	0.0710449
198	0.0581055	0.0578613	0.0571289	0.0561523	0.0563965	0.0546875	0.0000000	0.0715332
199	0.0585938	0.0576172	0.0573731	0.0563965	0.0561523	0.0546875	0.0000000	0.0717774
200	0.0585938	0.0578613	0.0578613	0.0563965	0.0563965	0.0546875	0.0000000	0.0725098
201	0.0595703	0.0581055	0.0573731	0.0566406	0.0568848	0.0529785	0.0000000	0.0729981
202	0.0588379	0.0578613	0.0576172	0.0566406	0.0566406	0.0546875	0.0000000	0.0720215
203	0.0590820	0.0583496	0.0583496	0.0566406	0.0563965	0.0541992	0.0000000	0.0737305
204	0.0593262	0.0585938	0.0576172	0.0568848	0.0561523	0.0544434	0.0000000	0.0742188
205	0.0588379	0.0583496	0.0585938	0.0566406	0.0554199	0.0541992	0.0000000	0.0744629
206	0.0593262	0.0588379	0.0585938	0.0568848	0.0563965	0.0561523	0.0000000	0.0744629
207	0.0593262	0.0585938	0.0576172	0.0568848	0.0556641	0.0549316	0.0000000	0.0749512
208	0.0590820	0.0585938	0.0581055	0.0568848	0.0563965	0.0556641	0.0000000	0.0749512
209	0.0593262	0.0585938	0.0585938	0.0571289	0.0559082	0.0549316	0.0000000	0.0754395
210	0.0593262	0.0590820	0.0563965	0.0571289	0.0559082	0.0549316	0.0000000	0.0732422
211	0.0590820	0.0588379	0.0571289	0.0568848	0.0551758	0.0551758	0.0000000	0.0751953
212	0.0588379	0.0590820	0.0571289	0.0576172	0.0554199	0.0554199	0.0000000	0.0754395
213	0.0593262	0.0585938	0.0566406	0.0571289	0.0554199	0.0549316	0.0000000	0.0756836
214	0.0593262	0.0588379	0.0566406	0.0571289	0.0556641	0.0551758	0.0000000	0.0756836
215	0.0595703	0.0588379	0.0561523	0.0571289	0.0554199	0.0551758	0.0000000	0.0756836
216	0.0598145	0.0590820	0.0559082	0.0568848	0.0554199	0.0551758	0.0000000	0.0749512
217	0.0593262	0.0588379	0.0563965	0.0568848	0.0554199	0.0549316	0.0000000	0.0742188
218	0.0595703	0.0590820	0.0559082	0.0576172	0.0554199	0.0559082	0.0000000	0.0725098
219	0.0595703	0.0590820	0.0561523	0.0576172	0.0556641	0.0554199	0.0000000	0.0722656
220	0.0593262	0.0588379	0.0568848	0.0571289	0.0554199	0.0556641	0.0000000	0.0710449
221	0.0598145	0.0590820	0.0561523	0.0559082	0.0551758	0.0554199	0.0000000	0.0678711
222	0.0595703	0.0588379	0.0566406	0.0571289	0.0573731	0.0556641	0.0000000	0.0690918
223	0.0593262	0.0588379	0.0571289	0.0573731	0.0556641	0.0554199	0.0000000	0.0673828
224	0.0595703	0.0588379	0.0566406	0.0571289	0.0551758	0.0554199	0.0000000	0.0666504
225	0.0595703	0.0585938	0.0571289	0.0568848	0.0556641	0.0554199	0.0000000	0.0654297
226	0.0588379	0.0588379	0.0576172	0.0571289	0.0549316	0.0559082	0.0000000	0.0639649
227	0.0595703	0.0588379	0.0571289	0.0573731	0.0551758	0.0556641	0.0000000	0.0632324
228	0.0593262	0.0588379	0.0578613	0.0568848	0.0549316	0.0556641	0.0000000	0.0620117
229	0.0590820	0.0585938	0.0578613	0.0573731	0.0554199	0.0561523	0.0000000	0.0617676
230	0.0593262	0.0588379	0.0573731	0.0576172	0.0551758	0.0556641	0.0000000	0.0605469
231	0.0590820	0.0585938	0.0581055	0.0568848	0.0549316	0.0561523	0.0000000	0.0595703
232	0.0595703	0.0588379	0.0578613	0.0571289	0.0549316	0.0559082	0.0000000	0.0598145
233	0.0598145	0.0583496	0.0571289	0.0568848	0.0546875	0.0556641	0.0000000	0.0595703
234	0.0585938	0.0583496	0.0583496	0.0571289	0.0549316	0.0563965	0.0000000	0.0583496
235	0.0590820	0.0585938	0.0583496	0.0573731	0.0549316	0.0561523	0.0000000	0.0588379
236	0.0588379	0.0585938	0.0588379	0.0573731	0.0544434	0.0561523	0.0000000	0.0588379
237	0.0585938	0.0583496	0.0585938	0.0571289	0.0551758	0.0561523	0.0000000	0.0573731
238	0.0588379	0.0585938	0.0583496	0.0571289	0.0546875	0.0561523	0.0000000	0.0578613
239	0.0588379	0.0598145	0.0581055	0.0571289	0.0544434	0.0561523	0.0000000	0.0571289
240	0.0585938	0.0583496	0.0585938	0.0571289	0.0546875	0.0566406	0.0000000	0.0568848
241	0.0590820	0.0588379	0.0581055	0.0573731	0.0549316	0.0568848	0.0000000	0.0585938
242	0.0588379	0.0588379	0.0583496	0.0571289	0.0546875	0.0561523	0.0000000	0.0556641
243	0.0585938	0.0583496	0.0590820	0.0571289	0.0549316	0.0563965	0.0000000	0.0563965
244	0.0588379	0.0588379	0.0585938	0.0576172	0.0551758	0.0561523	0.0000000	0.0546875
245	0.0585938	0.0583496	0.0583496	0.0571289	0.0549316	0.0559082	0.0000000	0.0559082
246	0.0583496	0.0585938	0.0590820	0.0573731	0.0546875	0.0561523	0.0000000	0.0559082
247	0.0588379	0.0590820	0.0585938	0.0571289	0.0549316	0.0563965	0.0000000	0.0561523
248	0.0585938	0.0585938	0.0585938	0.0559082	0.0546875	0.0559082	0.0000000	0.0534668
249	0.0581055	0.0585938	0.0593262	0.0566406	0.0551758	0.0563965	0.0000000	0.0554199
250	0.0588379	0.0585938	0.0583496	0.0566406	0.0549316	0.0559082	0.0000000	0.0556641
251	0.0583496	0.0583496	0.0593262	0.0559082	0.0546875	0.0561523	0.0000000	0.0554199
252	0.0588379	0.0585938	0.0593262	0.0554199	0.0551758	0.0561523	0.0000000	0.0549316
253	0.0593262	0.0583496	0.0590820	0.0549316	0.0551758	0.0559082	0.0000000	0.0549316
254	0.0585938	0.0585938	0.0590820	0.0546875	0.0549316	0.0559082	0.0000000	0.0539551
255	0.0583496	0.0585938	0.0593262	0.0546875	0.0551758	0.0568848	0.0000000	0.0546875
256	0.0590820	0.0588379	0.0588379	0.0539551	0.0559082	0.0556641	0.0000000	0.0546875
257	0.0583496	0.0585938	0.0590820	0.0539551	0.0549316	0.0568848	0.0000000	0.0541992
258	0.0588379	0.0588379	0.0595703	0.0539551	0.0549316	0.0559082	0.0000000	0.0549316
259	0.0588379	0.0585938	0.0588379	0.0537109	0.0549316	0.0568848	0.0000000	0.0537109
260	0.0588379	0.0585938	0.0595703	0.0537109	0.0554199	0.0559082	0.0000000	0.0544434
261	0.0588379	0.0588379	0.0595703	0.0539551	0.0554199	0.0559082	0.0000000	0.0546875
262	0.0588379	0.0593262	0.0585938	0.0537109	0.0554199	0.0561523	0.0000000	0.0534668
263	0.0583496	0.0585938	0.0598145	0.0534668	0.0554199	0.0563965	0.0000000	0.0544434
264	0.0588379	0.0585938	0.0595703	0.0539551	0.0554199	0.0561523	0.0000000	0.0544434
265	0.0588379	0.0588379	0.0590820	0.0546875	0.0556641	0.0556641	0.0000000	0.0541992
266	0.0585938	0.0585938	0.0595703	0.0539551	0.0556641	0.0556641	0.0000000	0.0546875
267	0.0585938	0.0588379	0.0593262	0.0541992	0.0559082	0.0566406	0.0000000	0.0549316
268	0.0583496	0.0588379	0.0590820	0.0541992	0.0559082	0.0551758	0.0000000	0.0537109
269	0.0583496	0.0585938	0.0598145	0.0544434	0.0559082	0.0559082	0.0000000	0.0544434
270	0.0583496	0.0585938	0.0588379	0.0539551	0.0561523	0.0554199	0.0000000	0.0520020
271	0.0585938	0.0585938	0.0593262	0.0546875	0.0561523	0.0554199	0.0000000	0.0534668
272	0.0578613	0.0590820	0.0600586	0.0549316	0.0563965	0.0554199	0.0000000	0.0546875
273	0.0583496	0.0590820	0.0593262	0.0551758	0.0563965	0.0556641	0.0000000	0.0546875
274	0.0585938	0.0590820	0.0593262	0.0551758	0.0563965	0.0554199	0.0000000	0.0549316
275	0.0583496	0.0583496	0.0598145	0.0559082	0.0566406	0.0551758	0.0000000	0.0549316
276	0.0581055	0.0590820	0.0595703	0.0556641	0.0566406	0.0554199	0.0000000	0.0544434
277	0.0573731	0.0588379	0.0598145	0.0559082	0.0566406	0.0551758	0.0000000	0.0541992
278	0.0578613	0.0588379	0.0603027	0.0563965	0.0573731	0.0556641	0.0000000	0.0551758
279	0.0576172	0.0588379	0.0590820	0.0561523	0.0566406	0.0556641	0.0000000	0.0546875
280	0.0573731	0.0585938	0.0590820	0.0561523	0.0571289	0.0556641	0.0000000	0.0544434
281	0.0576172	0.0593262	0.0603027	0.0563965	0.0568848	0.0556641	0.0000000	0.0537109
282	0.0583496	0.0590820	0.0588379	0.0566406	0.0568848	0.0554199	0.0000000	0.0551758
283	0.0576172	0.0588379	0.0600586	0.0566406	0.0571289	0.0559082	0.0000000	0.0554199
284	0.0578613	0.0590820	0.0595703	0.0566406	0.0571289	0.0559082	0.0000000	0.0556641
285	0.0576172	0.0590820	0.0593262	0.0568848	0.0568848	0.0556641	0.0000000	0.0554199
286	0.0573731	0.0588379	0.0600586	0.0571289	0.0571289	0.0559082	0.0000000	0.0554199
287	0.0576172	0.0590820	0.0595703	0.0568848	0.0571289	0.0559082	0.0000000	0.0561523
288	0.0576172	0.0593262	0.0590820	0.0568848	0.0571289	0.0546875	0.0000000	0.0556641
289	0.0573731	0.0590820	0.0598145	0.0568848	0.0571289	0.0563965	0.0000000	0.0554199
290	0.0576172	0.0593262	0.0593262	0.0571289	0.0573731	0.0561523	0.0000000	0.0571289
291	0.0576172	0.0593262	0.0588379	0.0571289	0.0573731	0.0554199	0.0000000	0.0551758
292	0.0571289	0.0595703	0.0600586	0.0571289	0.0573731	0.0563965	0.0000000	0.0546875
293	0.0573731	0.0595703	0.0598145	0.0571289	0.0576172	0.0559082	0.0000000	0.0559082
294	0.0571289	0.0593262	0.0595703	0.0571289	0.0573731	0.0561523	0.0000000	0.0537109
295	0.0563965	0.0593262	0.0598145	0.0568848	0.0573731	0.0563965	0.0000000	0.0539551
296	0.0568848	0.0598145	0.0595703	0.0566406	0.0573731	0.0561523	0.0000000	0.0541992
297	0.0563965	0.0590820	0.0595703	0.0573731	0.0566406	0.0561523	0.0000000	0.0529785
298	0.0563965	0.0595703	0.0600586	0.0571289	0.0578613	0.0563965	0.0000000	0.0534668
299	0.0566406	0.0595703	0.0593262	0.0573731	0.0573731	0.0561523	0.0000000	0.0532227
300	0.0563965	0.0595703	0.0593262	0.0573731	0.0573731	0.0561523	0.0000000	0.0527344
301	0.0561523	0.0593262	0.0598145	0.0571289	0.0573731	0.0561523	0.0000000	0.0532227
302	0.0561523	0.0595703	0.0590820	0.0573731	0.0573731	0.0559082	0.0000000	0.0532227
303	0.0559082	0.0600586	0.0593262	0.0576172	0.0573731	0.0559082	0.0000000	0.0520020
304	0.0556641	0.0598145	0.0598145	0.0571289	0.0573731	0.0563965	0.0000000	0.0529785
305	0.0563965	0.0598145	0.0588379	0.0576172	0.0568848	0.0549316	0.0000000	0.0529785
306	0.0556641	0.0595703	0.0593262	0.0571289	0.0571289	0.0563965	0.0000000	0.0524902
307	0.0559082	0.0600586	0.0593262	0.0571289	0.0571289	0.0563965	0.0000000	0.0534668
308	0.0559082	0.0603027	0.0588379	0.0573731	0.0573731	0.0561523	0.0000000	0.0527344
309	0.0556641	0.0593262	0.0595703	0.0573731	0.0573731	0.0561523	0.0000000	0.0524902
310	0.0561523	0.0598145	0.0595703	0.0576172	0.0573731	0.0561523	0.0000000	0.0529785
311	0.0561523	0.0598145	0.0588379	0.0566406	0.0573731	0.0554199	0.0000000	0.0532227
312	0.0559082	0.0595703	0.0595703	0.0573731	0.0578613	0.0559082	0.0000000	0.0527344
313	0.0561523	0.0605469	0.0590820	0.0576172	0.0578613	0.0559082	0.0000000	0.0534668
314	0.0563965	0.0600586	0.0590820	0.0571289	0.0581055	0.0566406	0.0000000	0.0532227
315	0.0563965	0.0598145	0.0595703	0.0576172	0.0590820	0.0561523	0.0000000	0.0532227
316	0.0563965	0.0595703	0.0595703	0.0573731	0.0588379	0.0568848	0.0000000	0.0537109
317	0.0566406	0.0600586	0.0588379	0.0568848	0.0593262	0.0559082	0.0000000	0.0529785
318	0.0556641	0.0600586	0.0598145	0.0576172	0.0595703	0.0561523	0.0000000	0.0529785
319	0.0566406	0.0607910	0.0583496	0.0571289	0.0603027	0.0559082	0.0000000	0.0534668
320	0.0563965	0.0603027	0.0595703	0.0573731	0.0605469	0.0559082	0.0000000	0.0524902
321	0.0563965	0.0603027	0.0595703	0.0576172	0.0600586	0.0563965	0.0000000	0.0529785
322	0.0568848	0.0603027	0.0588379	0.0573731	0.0610352	0.0559082	0.0000000	0.0541992
323	0.0566406	0.0600586	0.0593262	0.0576172	0.0610352	0.0559082	0.0000000	0.0529785
324	0.0566406	0.0600586	0.0595703	0.0578613	0.0615234	0.0561523	0.0000000	0.0534668
325	0.0566406	0.0603027	0.0590820	0.0595703	0.0612793	0.0561523	0.0000000	0.0532227
326	0.0563965	0.0600586	0.0593262	0.0568848	0.0610352	0.0556641	0.0000000	0.0534668
327	0.0568848	0.0600586	0.0595703	0.0576172	0.0612793	0.0561523	0.0000000	0.0534668
328	0.0566406	0.0603027	0.0588379	0.0576172	0.0612793	0.0549316	0.0000000	0.0532227
329	0.0566406	0.0595703	0.0590820	0.0578613	0.0610352	0.0561523	0.0000000	0.0520020
330	0.0566406	0.0603027	0.0593262	0.0581055	0.0612793	0.0561523	0.0000000	0.0537109
331	0.0568848	0.0603027	0.0585938	0.0573731	0.0605469	0.0554199	0.0000000	0.0534668
332	0.0566406	0.0600586	0.0590820	0.0576172	0.0607910	0.0556641	0.0000000	0.0529785
333	0.0568848	0.0603027	0.0590820	0.0576172	0.0605469	0.0561523	0.0000000	0.0532227
334	0.0573731	0.0603027	0.0578613	0.0571289	0.0605469	0.0556641	0.0000000	0.0524902
335	0.0568848	0.0605469	0.0593262	0.0571289	0.0605469	0.0563965	0.0000000	0.0532227
336	0.0568848	0.0605469	0.0585938	0.0571289	0.0605469	0.0559082	0.0000000	0.0534668
337	0.0573731	0.0605469	0.0581055	0.0568848	0.0605469	0.0559082	0.0000000	0.0573731
338	0.0566406	0.0603027	0.0593262	0.0566406	0.0610352	0.0561523	0.0000000	0.0534668
339	0.0573731	0.0605469	0.0590820	0.0563965	0.0607910	0.0556641	0.0000000	0.0554199
340	0.0573731	0.0607910	0.0588379	0.0556641	0.0605469	0.0563965	0.0000000	0.0532227
341	0.0566406	0.0605469	0.0595703	0.0559082	0.0612793	0.0559082	0.0000000	0.0534668
342	0.0573731	0.0605469	0.0585938	0.0559082	0.0600586	0.0546875	0.0000000	0.0541992
343	0.0568848	0.0605469	0.0593262	0.0551758	0.0603027	0.0559082	0.0000000	0.0537109
344	0.0566406	0.0605469	0.0593262	0.0551758	0.0617676	0.0563965	0.0000000	0.0541992
345	0.0571289	0.0605469	0.0588379	0.0551758	0.0607910	0.0561523	0.0000000	0.0539551
346	0.0573731	0.0603027	0.0588379	0.0551758	0.0612793	0.0559082	0.0000000	0.0541992
347	0.0571289	0.0605469	0.0595703	0.0546875	0.0612793	0.0561523	0.0000000	0.0549316
348	0.0573731	0.0607910	0.0590820	0.0554199	0.0612793	0.0541992	0.0000000	0.0554199
349	0.0573731	0.0605469	0.0595703	0.0549316	0.0603027	0.0563965	0.0000000	0.0546875
350	0.0568848	0.0605469	0.0593262	0.0554199	0.0615234	0.0554199	0.0000000	0.0559082
351	0.0578613	0.0605469	0.0590820	0.0554199	0.0620117	0.0551758	0.0000000	0.0554199
352	0.0573731	0.0603027	0.0588379	0.0556641	0.0610352	0.0549316	0.0000000	0.0556641
353	0.0578613	0.0605469	0.0595703	0.0554199	0.0615234	0.0549316	0.0000000	0.0566406
354	0.0578613	0.0603027	0.0588379	0.0556641	0.0615234	0.0546875	0.0000000	0.0561523
355	0.0571289	0.0600586	0.0595703	0.0554199	0.0615234	0.0549316	0.0000000	0.0556641
356	0.0581055	0.0603027	0.0590820	0.0559082	0.0612793	0.0546875	0.0000000	0.0578613
357	0.0583496	0.0600586	0.0590820	0.0559082	0.0612793	0.0539551	0.0000000	0.0581055
358	0.0573731	0.0600586	0.0593262	0.0556641	0.0615234	0.0546875	0.0000000	0.0581055
359	0.0576172	0.0603027	0.0593262	0.0559082	0.0610352	0.0546875	0.0000000	0.0576172
360	0.0573731	0.0598145	0.0585938	0.0561523	0.0610352	0.0544434	0.0000000	0.0588379
361	0.0578613	0.0598145	0.0593262	0.0559082	0.0610352	0.0546875	0.0000000	0.0590820
362	0.0578613	0.0600586	0.0588379	0.0559082	0.0610352	0.0546875	0.0000000	0.0615234
363	0.0578613	0.0598145	0.0585938	0.0556641	0.0603027	0.0546875	0.0000000	0.0595703
364	0.0576172	0.0595703	0.0593262	0.0559082	0.0603027	0.0554199	0.0000000	0.0588379
365	0.0583496	0.0598145	0.0588379	0.0554199	0.0595703	0.0539551	0.0000000	0.0600586
366	0.0578613	0.0595703	0.0590820	0.0556641	0.0603027	0.0549316	0.0000000	0.0598145
367	0.0576172	0.0595703	0.0593262	0.0559082	0.0595703	0.0551758	0.0000000	0.0595703
368	0.0583496	0.0595703	0.0588379	0.0559082	0.0595703	0.0546875	0.0000000	0.0595703
369	0.0581055	0.0593262	0.0590820	0.0556641	0.0600586	0.0549316	0.0000000	0.0559082
370	0.0576172	0.0595703	0.0593262	0.0556641	0.0590820	0.0549316	0.0000000	0.0590820
371	0.0581055	0.0595703	0.0585938	0.0556641	0.0585938	0.0546875	0.0000000	0.0583496
372	0.0581055	0.0595703	0.0590820	0.0554199	0.0585938	0.0549316	0.0000000	0.0571289
373	0.0583496	0.0595703	0.0593262	0.0556641	0.0588379	0.0551758	0.0000000	0.0581055
374	0.0583496	0.0593262	0.0595703	0.0556641	0.0583496	0.0546875	0.0000000	0.0590820
375	0.0581055	0.0593262	0.0593262	0.0556641	0.0583496	0.0551758	0.0000000	0.0573731
376	0.0583496	0.0595703	0.0593262	0.0554199	0.0581055	0.0554199	0.0000000	0.0573731
377	0.0581055	0.0598145	0.0585938	0.0551758	0.0583496	0.0544434	0.0000000	0.0568848
378	0.0581055	0.0590820	0.0590820	0.0554199	0.0583496	0.0551758	0.0000000	0.0566406
379	0.0583496	0.0590820	0.0593262	0.0556641	0.0581055	0.0554199	0.0000000	0.0566406
380	0.0583496	0.0590820	0.0585938	0.0556641	0.0578613	0.0544434	0.0000000	0.0566406
381	0.0578613	0.0593262	0.0590820	0.0556641	0.0576172	0.0549316	0.0000000	0.0554199
382	0.0578613	0.0595703	0.0588379	0.0556641	0.0578613	0.0546875	0.0000000	0.0556641
383	0.0583496	0.0590820	0.0585938	0.0556641	0.0578613	0.0549316	0.0000000	0.0554199
384	0.0581055	0.0590820	0.0593262	0.0559082	0.0578613	0.0549316	0.0000000	0.0554199
385	0.0585938	0.0593262	0.0590820	0.0559082	0.0578613	0.0551758	0.0000000	0.0559082
386	0.0581055	0.0595703	0.0585938	0.0554199	0.0576172	0.0549316	0.0000000	0.0551758
387	0.0581055	0.0593262	0.0593262	0.0559082	0.0576172	0.0551758	0.0000000	0.0551758
388	0.0588379	0.0593262	0.0588379	0.0561523	0.0573731	0.0549316	0.0000000	0.0571289
389	0.0581055	0.0593262	0.0600586	0.0559082	0.0576172	0.0549316	0.0000000	0.0588379
390	0.0578613	0.0590820	0.0593262	0.0559082	0.0573731	0.0554199	0.0000000	0.0546875
391	0.0581055	0.0590820	0.0585938	0.0561523	0.0581055	0.0551758	0.0000000	0.0544434
392	0.0578613	0.0593262	0.0593262	0.0561523	0.0578613	0.0554199	0.0000000	0.0502930
393	0.0571289	0.0590820	0.0593262	0.0563965	0.0573731	0.0556641	0.0000000	0.0541992
394	0.0578613	0.0593262	0.0588379	0.0556641	0.0585938	0.0551758	0.0000000	0.0539551
395	0.0576172	0.0585938	0.0583496	0.0561523	0.0571289	0.0551758	0.0000000	0.0534668
396	0.0576172	0.0585938	0.0590820	0.0563965	0.0573731	0.0559082	0.0000000	0.0534668
397	0.0576172	0.0595703	0.0590820	0.0563965	0.0571289	0.0554199	0.0000000	0.0539551
398	0.0571289	0.0578613	0.0588379	0.0563965	0.0566406	0.0556641	0.0000000	0.0532227
399	0.0573731	0.0583496	0.0593262	0.0563965	0.0576172	0.0559082	0.0000000	0.0537109
400	0.0576172	0.0585938	0.0585938	0.0563965	0.0581055	0.0556641	0.0000000	0.0534668
401	0.0568848	0.0576172	0.0583496	0.0561523	0.0573731	0.0559082	0.0000000	0.0529785
402	0.0566406	0.0578613	0.0593262	0.0566406	0.0576172	0.0556641	0.0000000	0.0537109
403	0.0566406	0.0578613	0.0588379	0.0563965	0.0573731	0.0554199	0.0000000	0.0539551
404	0.0561523	0.0573731	0.0595703	0.0566406	0.0573731	0.0556641	0.0000000	0.0527344
405	0.0561523	0.0571289	0.0588379	0.0566406	0.0573731	0.0554199	0.0000000	0.0532227
406	0.0561523	0.0571289	0.0585938	0.0559082	0.0573731	0.0551758	0.0000000	0.0527344
407	0.0554199	0.0571289	0.0593262	0.0566406	0.0578613	0.0549316	0.0000000	0.0529785
408	0.0554199	0.0568848	0.0588379	0.0566406	0.0581055	0.0546875	0.0000000	0.0532227
409	0.0549316	0.0571289	0.0588379	0.0568848	0.0583496	0.0549316	0.0000000	0.0529785
410	0.0546875	0.0566406	0.0590820	0.0566406	0.0588379	0.0549316	0.0000000	0.0527344
411	0.0544434	0.0563965	0.0585938	0.0563965	0.0588379	0.0551758	0.0000000	0.0527344
412	0.0544434	0.0556641	0.0585938	0.0566406	0.0593262	0.0561523	0.0000000	0.0524902
413	0.0537109	0.0554199	0.0595703	0.0566406	0.0593262	0.0544434	0.0000000	0.0524902
414	0.0539551	0.0549316	0.0593262	0.0568848	0.0603027	0.0551758	0.0000000	0.0563965
415	0.0529785	0.0544434	0.0588379	0.0566406	0.0610352	0.0541992	0.0000000	0.0522461
416	0.0527344	0.0541992	0.0595703	0.0568848	0.0600586	0.0541992	0.0000000	0.0529785
417	0.0527344	0.0544434	0.0588379	0.0568848	0.0603027	0.0541992	0.0000000	0.0532227
418	0.0524902	0.0537109	0.0588379	0.0568848	0.0603027	0.0534668	0.0000000	0.0529785
419	0.0517578	0.0534668	0.0593262	0.0568848	0.0605469	0.0537109	0.0000000	0.0529785
420	0.0517578	0.0532227	0.0585938	0.0571289	0.0607910	0.0534668	0.0000000	0.0532227
421	0.0512695	0.0532227	0.0593262	0.0568848	0.0605469	0.0539551	0.0000000	0.0532227
422	0.0507813	0.0532227	0.0595703	0.0576172	0.0605469	0.0534668	0.0000000	0.0534668
423	0.0507813	0.0532227	0.0585938	0.0568848	0.0588379	0.0537109	0.0000000	0.0532227
424	0.0502930	0.0532227	0.0590820	0.0571289	0.0600586	0.0537109	0.0000000	0.0522461
425	0.0498047	0.0534668	0.0593262	0.0571289	0.0600586	0.0534668	0.0000000	0.0537109
426	0.0500488	0.0537109	0.0583496	0.0568848	0.0607910	0.0537109	0.0000000	0.0529785
427	0.0490723	0.0534668	0.0583496	0.0571289	0.0595703	0.0537109	0.0000000	0.0529785
428	0.0493164	0.0541992	0.0583496	0.0571289	0.0595703	0.0534668	0.0000000	0.0541992
429	0.0488281	0.0544434	0.0578613	0.0571289	0.0593262	0.0532227	0.0000000	0.0537109
430	0.0485840	0.0549316	0.0583496	0.0571289	0.0590820	0.0527344	0.0000000	0.0537109
431	0.0485840	0.0549316	0.0583496	0.0571289	0.0590820	0.0532227	0.0000000	0.0537109
432	0.0485840	0.0554199	0.0576172	0.0585938	0.0588379	0.0527344	0.0000000	0.0541992
433	0.0480957	0.0556641	0.0578613	0.0571289	0.0588379	0.0527344	0.0000000	0.0539551
434	0.0485840	0.0561523	0.0576172	0.0573731	0.0585938	0.0532227	0.0000000	0.0546875
435	0.0478516	0.0568848	0.0571289	0.0568848	0.0585938	0.0527344	0.0000000	0.0539551
436	0.0480957	0.0566406	0.0573731	0.0573731	0.0588379	0.0529785	0.0000000	0.0544434
437	0.0480957	0.0571289	0.0568848	0.0576172	0.0585938	0.0534668	0.0000000	0.0537109
438	0.0478516	0.0568848	0.0563965	0.0568848	0.0578613	0.0529785	0.0000000	0.0551758
439	0.0478516	0.0576172	0.0566406	0.0573731	0.0588379	0.0534668	0.0000000	0.0559082
440	0.0480957	0.0583496	0.0568848	0.0578613	0.0588379	0.0546875	0.0000000	0.0559082
441	0.0480957	0.0578613	0.0566406	0.0568848	0.0598145	0.0534668	0.0000000	0.0561523
442	0.0476074	0.0581055	0.0573731	0.0571289	0.0588379	0.0537109	0.0000000	0.0566406
443	0.0488281	0.0578613	0.0571289	0.0573731	0.0588379	0.0534668	0.0000000	0.0566406
444	0.0488281	0.0581055	0.0568848	0.0568848	0.0583496	0.0537109	0.0000000	0.0544434
445	0.0485840	0.0583496	0.0568848	0.0573731	0.0578613	0.0539551	0.0000000	0.0573731
446	0.0490723	0.0588379	0.0559082	0.0578613	0.0578613	0.0539551	0.0000000	0.0578613
447	0.0490723	0.0585938	0.0556641	0.0571289	0.0573731	0.0537109	0.0000000	0.0581055
448	0.0490723	0.0585938	0.0556641	0.0571289	0.0571289	0.0539551	0.0000000	0.0583496
449	0.0498047	0.0585938	0.0546875	0.0573731	0.0568848	0.0537109	0.0000000	0.0585938
450	0.0495606	0.0583496	0.0549316	0.0571289	0.0568848	0.0534668	0.0000000	0.0595703
451	0.0498047	0.0585938	0.0556641	0.0573731	0.0568848	0.0534668	0.0000000	0.0600586
452	0.0502930	0.0585938	0.0544434	0.0573731	0.0563965	0.0529785	0.0000000	0.0578613
453	0.0500488	0.0581055	0.0544434	0.0573731	0.0566406	0.0532227	0.0000000	0.0605469
454	0.0515137	0.0583496	0.0556641	0.0571289	0.0568848	0.0534668	0.0000000	0.0610352
455	0.0512695	0.0583496	0.0537109	0.0571289	0.0566406	0.0529785	0.0000000	0.0605469
456	0.0510254	0.0581055	0.0551758	0.0571289	0.0571289	0.0532227	0.0000000	0.0625000
457	0.0515137	0.0581055	0.0551758	0.0581055	0.0573731	0.0532227	0.0000000	0.0632324
458	0.0517578	0.0581055	0.0551758	0.0573731	0.0573731	0.0534668	0.0000000	0.0632324
459	0.0517578	0.0578613	0.0549316	0.0573731	0.0576172	0.0537109	0.0000000	0.0644531
460	0.0520020	0.0578613	0.0551758	0.0573731	0.0576172	0.0534668	0.0000000	0.0649414
461	0.0527344	0.0578613	0.0544434	0.0571289	0.0563965	0.0539551	0.0000000	0.0649414
462	0.0527344	0.0578613	0.0554199	0.0571289	0.0576172	0.0544434	0.0000000	0.0651856
463	0.0532227	0.0581055	0.0549316	0.0573731	0.0581055	0.0541992	0.0000000	0.0649414
464	0.0532227	0.0581055	0.0546875	0.0571289	0.0576172	0.0544434	0.0000000	0.0656738
465	0.0532227	0.0578613	0.0561523	0.0573731	0.0588379	0.0546875	0.0000000	0.0671387
466	0.0537109	0.0581055	0.0551758	0.0578613	0.0590820	0.0537109	0.0000000	0.0676270
467	0.0537109	0.0581055	0.0544434	0.0571289	0.0583496	0.0546875	0.0000000	0.0678711
468	0.0541992	0.0578613	0.0561523	0.0571289	0.0585938	0.0549316	0.0000000	0.0676270
469	0.0539551	0.0583496	0.0551758	0.0571289	0.0585938	0.0549316	0.0000000	0.0683594
470	0.0546875	0.0581055	0.0556641	0.0571289	0.0585938	0.0551758	0.0000000	0.0676270
471	0.0549316	0.0585938	0.0561523	0.0571289	0.0585938	0.0554199	0.0000000	0.0668945
472	0.0551758	0.0583496	0.0551758	0.0573731	0.0585938	0.0549316	0.0000000	0.0622559
473	0.0551758	0.0585938	0.0563965	0.0581055	0.0595703	0.0549316	0.0000000	0.0659180
474	0.0551758	0.0588379	0.0563965	0.0573731	0.0588379	0.0551758	0.0000000	0.0654297
475	0.0554199	0.0583496	0.0571289	0.0573731	0.0588379	0.0551758	0.0000000	0.0605469
476	0.0554199	0.0585938	0.0566406	0.0571289	0.0593262	0.0556641	0.0000000	0.0637207
477	0.0551758	0.0583496	0.0566406	0.0573731	0.0588379	0.0554199	0.0000000	0.0634766
478	0.0559082	0.0585938	0.0556641	0.0568848	0.0588379	0.0551758	0.0000000	0.0629883
479	0.0556641	0.0583496	0.0568848	0.0571289	0.0585938	0.0551758	0.0000000	0.0610352
480	0.0559082	0.0585938	0.0568848	0.0571289	0.0585938	0.0554199	0.0000000	0.0607910
481	0.0561523	0.0588379	0.0566406	0.0573731	0.0588379	0.0554199	0.0000000	0.0603027
482	0.0559082	0.0588379	0.0573731	0.0571289	0.0588379	0.0554199	0.0000000	0.0590820
483	0.0563965	0.0588379	0.0573731	0.0573731	0.0593262	0.0551758	0.0000000	0.0593262
484	0.0563965	0.0588379	0.0576172	0.0576172	0.0588379	0.0554199	0.0000000	0.0605469
485	0.0563965	0.0585938	0.0581055	0.0573731	0.0588379	0.0559082	0.0000000	0.0566406
486	0.0566406	0.0588379	0.0578613	0.0571289	0.0585938	0.0556641	0.0000000	0.0583496
487	0.0566406	0.0585938	0.0578613	0.0571289	0.0585938	0.0556641	0.0000000	0.0578613
488	0.0563965	0.0585938	0.0583496	0.0571289	0.0583496	0.0556641	0.0000000	0.0566406
489	0.0568848	0.0588379	0.0583496	0.0573731	0.0588379	0.0559082	0.0000000	0.0576172
490	0.0566406	0.0588379	0.0578613	0.0571289	0.0576172	0.0556641	0.0000000	0.0568848
491	0.0566406	0.0590820	0.0588379	0.0571289	0.0583496	0.0559082	0.0000000	0.0563965
492	0.0571289	0.0593262	0.0585938	0.0568848	0.0588379	0.0563965	0.0000000	0.0561523
493	0.0571289	0.0585938	0.0588379	0.0568848	0.0583496	0.0559082	0.0000000	0.0551758
494	0.0568848	0.0585938	0.0593262	0.0568848	0.0583496	0.0561523	0.0000000	0.0561523
495	0.0573731	0.0588379	0.0595703	0.0571289	0.0585938	0.0559082	0.0000000	0.0578613
496	0.0571289	0.0585938	0.0590820	0.0571289	0.0585938	0.0559082	0.0000000	0.0556641
497	0.0568848	0.0583496	0.0595703	0.0573731	0.0573731	0.0554199	0.0000000	0.0556641
498	0.0573731	0.0585938	0.0581055	0.0571289	0.0583496	0.0556641	0.0000000	0.0556641
499	0.0573731	0.0583496	0.0590820	0.0568848	0.0585938	0.0551758	0.0000000	0.0541992
500	0.0573731	0.0583496	0.0598145	0.0573731	0.0585938	0.0566406	0.0000000	0.0554199
501	0.0576172	0.0583496	0.0590820	0.0571289	0.0583496	0.0554199	0.0000000	0.0556641
502	0.0573731	0.0581055	0.0595703	0.0578613	0.0593262	0.0554199	0.0000000	0.0551758
503	0.0573731	0.0578613	0.0595703	0.0573731	0.0585938	0.0554199	0.0000000	0.0554199
504	0.0583496	0.0581055	0.0600586	0.0568848	0.0583496	0.0549316	0.0000000	0.0539551
505	0.0578613	0.0578613	0.0588379	0.0568848	0.0585938	0.0549316	0.0000000	0.0549316
506	0.0573731	0.0578613	0.0595703	0.0568848	0.0583496	0.0549316	0.0000000	0.0556641
507	0.0578613	0.0573731	0.0588379	0.0571289	0.0583496	0.0546875	0.0000000	0.0549316
508	0.0573731	0.0576172	0.0593262	0.0568848	0.0585938	0.0546875	0.0000000	0.0549316
509	0.0576172	0.0573731	0.0588379	0.0576172	0.0583496	0.0544434	0.0000000	0.0554199
510	0.0576172	0.0573731	0.0581055	0.0571289	0.0585938	0.0541992	0.0000000	0.0551758
511	0.0573731	0.0576172	0.0590820	0.0568848	0.0583496	0.0544434	0.0000000	0.0546875
