#t		Ta_1-Ta_2		Ta_2-Ta_3		Ta_3-Ta_4		Ta_4-Ta_5		Ta_5-Ta_6
0		0.00668995		0.00534635		0.00276145		0.00259477		0.0022634
0.10989		0.00680448		0.00545158		0.00287153		0.00265068		0.0023024
0.21978		0.00689609		0.00557442		0.00282979		0.00269197		0.00231917
0.32967		0.00698791		0.0056607		0.00289041		0.00273208		0.00233278
0.43956		0.00708508		0.00576568		0.00301332		0.00278729		0.00236395
0.549451		0.00716465		0.00589593		0.00298324		0.00283087		0.00238336
0.659341		0.00725171		0.00599927		0.00302722		0.00287566		0.00240015
0.769231		0.00733771		0.00610807		0.00316341		0.00293469		0.00243266
0.879121		0.00740068		0.00624031		0.00314552		0.0029785		0.00245149
0.989011		0.00748973		0.00636495		0.00317696		0.00303099		0.0024766
1.0989		0.00756305		0.00647696		0.00332111		0.00309266		0.00251058
1.20879		0.00761482		0.0066132		0.00332368		0.00313972		0.00253172
1.31868		0.00769427		0.00675385		0.0033403		0.003197		0.00256089
1.42857		0.00775746		0.00687009		0.00348824		0.00326073		0.00259729
1.53846		0.00779579		0.00700876		0.00351344		0.00331164		0.00262152
1.64835		0.00786734		0.00716338		0.00352182		0.00337411		0.0026581
1.75824		0.00791718		0.00728294		0.00366641		0.00343895		0.0026958
1.86813		0.00794717		0.00742413		0.0037225		0.00349543		0.00272817
1.97802		0.0080045		0.00758636		0.00372469		0.00355926		0.00276602
2.08791		0.00804494		0.0077105		0.0038631		0.00362403		0.00280509
2.1978		0.00806382		0.00784972		0.00394879		0.00368247		0.00284077
2.30769		0.00810959		0.00801811		0.00394968		0.00374594		0.00288163
2.41758		0.00814228		0.00814651		0.00407937		0.00380917		0.00292048
2.52747		0.00815327		0.00828258		0.00419266		0.00386651		0.00295788
2.63736		0.00818773		0.0084519		0.00419848		0.00392543		0.00299663
2.74725		0.00821534		0.00858418		0.00431699		0.00398434		0.00303555
2.85714		0.00821953		0.00871247		0.00445464		0.00403622		0.00307061
2.96703		0.00824272		0.00887767		0.0044711		0.00408728		0.00310809
3.07692		0.00826622		0.00900956		0.00457672		0.00413784		0.00314387
3.18681		0.0082657		0.00912707		0.00473424		0.00418164		0.00317653
3.2967		0.00828043		0.00927998		0.00476665		0.00422321		0.0032106
3.40659		0.00829865		0.00940554		0.00485835		0.00426372		0.00324305
3.51648		0.00829307		0.00950419		0.00502846		0.00429801		0.00327173
3.62637		0.00829721		0.00963712		0.00507865		0.00432943		0.00330171
3.73626		0.00830941		0.00974845		0.0051537		0.00435954		0.00332876
3.84615		0.00829869		0.00982382		0.00532719		0.00438446		0.00335279
3.95604		0.00829288		0.00992771		0.00539444		0.00440612		0.00337777
4.06593		0.00829696		0.0100167		0.00545113		0.00442563		0.00339956
4.17582		0.00828047		0.0100632		0.00561912		0.00444093		0.00342029
4.28571		0.00826296		0.0101308		0.00569994		0.00445181		0.00343933
4.3956		0.00825787		0.0101921		0.00573799		0.00446133		0.00345779
4.50549		0.00823723		0.0102067		0.00589122		0.00446691		0.00347213
4.61538		0.0082099		0.0102354		0.00598239		0.00446842		0.00348767
4.72527		0.00819462		0.0102655		0.00600294		0.00446756		0.0034995
4.83516		0.0081686		0.0102488		0.00613542		0.0044644		0.00350927
4.94505		0.00813154		0.0102387		0.00623451		0.00445825		0.00351842
5.05495		0.00810658		0.0102388		0.00624015		0.00444814		0.00352592
5.16484		0.00807591		0.0101955		0.00634612		0.00443795		0.00353088
5.27473		0.0080314		0.0101504		0.0064473		0.00442312		0.00353555
5.38462		0.00799861		0.0101226		0.00644016		0.00440573		0.00353812
5.49451		0.00796464		0.0100567		0.00651547		0.00438757		0.0035387
5.6044		0.00791549		0.00998131		0.00661273		0.00436661		0.00353951
5.71429		0.00787658		0.00992785		0.00659529		0.00434125		0.00353933
5.82418		0.00784123		0.00984549		0.00663579		0.00431725		0.0035366
5.93407		0.00779025		0.00974613		0.00672256		0.00428916		0.00353261
6.04396		0.00774784		0.00967214		0.0066969		0.00425868		0.00352894
6.15385		0.00771231		0.00957812		0.006703		0.00422899		0.00352327
6.26374		0.00766181		0.00946191		0.00677489		0.00419876		0.00351684
6.37363		0.00761581		0.00937287		0.00674367		0.0041647		0.00351062
6.48352		0.00757986		0.00927125		0.00671703		0.00413328		0.00350302
6.59341		0.00752863		0.00914473		0.00677187		0.00410034		0.00349556
6.7033		0.00747759		0.00904332		0.00673911		0.00406566		0.00348771
6.81319		0.00743849		0.00893863		0.00668475		0.00403283		0.00347995
6.92308		0.00738661		0.00880626		0.00672082		0.00400022		0.0034705
7.03297		0.0073315		0.00869574		0.00668995		0.00396601		0.00346249
7.14286		0.00728853		0.0085899		0.00661446		0.00393275		0.00345246
7.25275		0.00723508		0.00845629		0.00663054		0.00389975		0.00344291
7.36264		0.00717631		0.00833754		0.00660234		0.00386545		0.00343137
7.47253		0.00712842		0.00823264		0.00651132		0.00383333		0.00342108
7.58242		0.00707416		0.0081		0.00650562		0.00380128		0.00340928
7.69231		0.00701019		0.00797769		0.00648106		0.00376792		0.00339798
7.8022		0.00695816		0.00787375		0.00637946		0.00373628		0.00338442
7.91209		0.00690119		0.00774532		0.00635327		0.0037048		0.00337204
8.02198		0.00683387		0.00762116		0.00633178		0.00367404		0.00335874
8.13187		0.00677616		0.00751902		0.00622623		0.00364233		0.00334539
8.24176		0.00671836		0.00739691		0.00617858		0.00361305		0.00333018
8.35165		0.00664939		0.00727229		0.00615882		0.00358277		0.00331487
8.46154		0.00658727		0.00717205		0.00605432		0.00355209		0.00329856
8.57143		0.00653022		0.00705611		0.00598867		0.00352321		0.00328266
8.68132		0.00646205		0.0069319		0.00596906		0.00349482		0.00326544
8.79121		0.00639834		0.00683195		0.0058693		0.00346586		0.00324797
8.9011		0.00634242		0.00672172		0.00578815		0.0034384		0.00322962
9.01099		0.00627586		0.006598		0.00576659		0.00341347		0.00321171
9.12088		0.00621164		0.00649614		0.00567355		0.00338632		0.00319189
9.23077		0.00615642		0.00639071		0.00557966		0.00336197		0.00317174
9.34066		0.00609291		0.00626889		0.00555333		0.00333873		0.00315145
9.45055		0.0060268		0.00616688		0.0054684		0.00331378		0.00313112
9.56044		0.00597271		0.00606667		0.00536581		0.00329051		0.00311048
9.67033		0.00591055		0.00594843		0.00533256		0.00326775		0.00309073
9.78022		0.00584544		0.00584598		0.00525816		0.00324355		0.00307059
9.89011		0.00578997		0.00575199		0.00514943		0.00321931		0.00305043
10		0.00572904		0.0056395		0.0051095		0.00319493		0.00302968
10.1099		0.00566275		0.00553911		0.00504658		0.00316859		0.00301045
10.2198		0.00560698		0.00545116		0.00493672		0.00314126		0.00298981
10.3297		0.00554677		0.00534573		0.00489048		0.00311445		0.00296877
10.4396		0.00548052		0.00524717		0.00483897		0.00308607		0.00294873
10.5495		0.00542146		0.00516459		0.00473366		0.00305585		0.00292933
10.6593		0.00536299		0.00506755		0.00468076		0.00302656		0.00290879
10.7692		0.00529628		0.00497233		0.00464095		0.00299573		0.00288813
10.8791		0.0052379		0.00489557		0.00454179		0.00296401		0.0028678
10.989		0.00518102		0.00480715		0.00448303		0.00293255		0.00284725
11.0989		0.00511572		0.00471599		0.00445029		0.0029006		0.00282722
11.2088		0.00505675		0.00464408		0.0043599		0.00286855		0.00280821
11.3187		0.00500102		0.00456379		0.00429471		0.00283701		0.00278746
11.4286		0.00493725		0.00447779		0.00426736		0.00280699		0.00276746
11.5385		0.0048766		0.00441055		0.00418586		0.00277552		0.00274805
11.6484		0.00482231		0.00433847		0.00411594		0.00274698		0.00272852
11.7582		0.00475927		0.00425854		0.00409142		0.00272028		0.0027102
11.8681		0.00469714		0.00419453		0.00402083		0.00269282		0.00269203
11.978		0.00464272		0.00412996		0.00394714		0.00266747		0.00267478
12.0879		0.0045808		0.00405524		0.00392324		0.00264437		0.00265628
12.1978		0.00451796		0.00399427		0.00386376		0.00262046		0.00264035
12.3077		0.00446345		0.00393739		0.00378875		0.00259868		0.00262478
12.4176		0.00440319		0.00386816		0.00376458		0.00257888		0.00260995
12.5275		0.00434144		0.00380989		0.00371556		0.00255833		0.00259618
12.6374		0.0042873		0.00375799		0.00364145		0.00253934		0.00258218
12.7473		0.00423066		0.00369383		0.00361475		0.00252202		0.00256867
12.8571		0.00417097		0.00363645		0.00357634		0.00250379		0.00255585
12.967		0.00411959		0.00358776		0.00350405		0.00248654		0.00254453
13.0769		0.00406652		0.00352735		0.00347454		0.00246921		0.00253351
13.1868		0.00401074		0.00347066		0.00344529		0.00245134		0.00252174
13.2967		0.00396273		0.0034254		0.00337664		0.00243404		0.00251221
13.4066		0.0039155		0.00336823		0.0033431		0.00241792		0.00250201
13.5165		0.00386433		0.00331288		0.00332028		0.00240059		0.00249127
13.6264		0.00382068		0.00326845		0.00325668		0.00238345		0.00248141
13.7363		0.00377872		0.00321641		0.00321881		0.00236741		0.00247081
13.8462		0.00373338		0.00316249		0.00320071		0.00235113		0.00245892
13.956		0.00369301		0.00312095		0.00314344		0.0023338		0.00244816
14.0659		0.00365575		0.00307382		0.00310292		0.00231774		0.00243594
14.1758		0.00361573		0.0030226		0.00308849		0.0023018		0.00242351
14.2857		0.00357883		0.00298326		0.00303878		0.00228601		0.00240996
14.3956		0.00354662		0.00294094		0.00299433		0.00227107		0.00239677
14.5055		0.00351101		0.00289245		0.00298206		0.00225558		0.00238281
14.6154		0.00347676		0.00285513		0.00293944		0.00224016		0.00237001
14.7253		0.00344869		0.00281783		0.00289284		0.00222481		0.00235766
14.8352		0.00341659		0.00277262		0.00288044		0.00221025		0.00234233
14.9451		0.00338562		0.00273689		0.00284467		0.00219601		0.00233093
15.0549		0.00336015		0.00270413		0.00279742		0.00218243		0.00231826
15.1648		0.00333243		0.00266345		0.00278376		0.00216984		0.00230582
15.2747		0.00330406		0.00263061		0.00275475		0.00215646		0.00229355
15.3846		0.00328119		0.0026027		0.00270743		0.00214483		0.00228094
15.4945		0.00325827		0.00256791		0.00269209		0.00213418		0.00226922
15.6044		0.00323314		0.0025379		0.00266944		0.00212258		0.00225732
15.7143		0.00321385		0.00251561		0.00262322		0.00211163		0.00224657
15.8242		0.00319541		0.00248631		0.00260515		0.00210095		0.00223476
15.9341		0.00317362		0.00246006		0.00258795		0.00209081		0.00222343
16.044		0.00315749		0.00244239		0.00254399		0.00208038		0.00221219
16.1538		0.00314193		0.00241807		0.00252363		0.0020706		0.00220091
16.2637		0.00312258		0.00239516		0.00251065		0.00206043		0.00218966
16.3736		0.00310803		0.00238076		0.00247057		0.00205028		0.00217914
16.4835		0.00309448		0.00236122		0.00244697		0.002041		0.00216847
16.5934		0.00307727		0.00234014		0.00243708		0.00203095		0.00215872
16.7033		0.00306149		0.00232668		0.00240113		0.00202142		0.00214956
16.8132		0.00304742		0.00231001		0.00237451		0.00201152		0.00214036
16.9231		0.00302901		0.00228994		0.00236526		0.00200287		0.00213096
17.033		0.0030116		0.00227725		0.00233243		0.00199324		0.00212163
17.1429		0.00299636		0.00226313		0.00230142		0.0019847		0.00211274
17.2527		0.00297632		0.00224433		0.00229231		0.00197516		0.00210297
17.3626		0.00295691		0.00223211		0.00226225		0.00196609		0.00209407
17.4725		0.00293928		0.0022196		0.00222782		0.00195583		0.00208353
17.5824		0.00291785		0.00220232		0.00221725		0.00194626		0.00207554
17.6923		0.0028958		0.00219035		0.00219012		0.00193616		0.00206578
17.8022		0.00287699		0.00217892		0.00215416		0.00192629		0.00205631
17.9121		0.00285607		0.00216268		0.00214171		0.00191651		0.00204726
18.022		0.00283369		0.00214962		0.00211958		0.00190666		0.00203753
18.1319		0.00281475		0.00213929		0.00208465		0.00189638		0.00202788
18.2418		0.00279561		0.00212182		0.00207189		0.00188707		0.0020174
18.3516		0.00277396		0.00210726		0.00205513		0.00187708		0.00200752
18.4615		0.00275683		0.00209597		0.00202311		0.00186769		0.00199682
18.5714		0.00273982		0.00207839		0.0020108		0.00186026		0.00198714
18.6813		0.00272024		0.00206249		0.00199976		0.00185201		0.00197495
18.7912		0.0027035		0.00205012		0.00197312		0.00184428		0.00196411
18.9011		0.00268692		0.00203252		0.00196034		0.00183783		0.0019535
19.011		0.00266813		0.00201519		0.00195517		0.00183145		0.00194189
19.1209		0.0026517		0.00200177		0.00193177		0.00182511		0.00193029
19.2308		0.00263545		0.00198457		0.00192016		0.00181919		0.00192003
19.3407		0.00261605		0.00196734		0.00191885		0.00181331		0.00190869
19.4505		0.00259806		0.00195411		0.00190009		0.00180732		0.00189811
19.5604		0.00258138		0.00193952		0.00188844		0.00180266		0.00188779
19.6703		0.00256084		0.00192242		0.00188995		0.00179817		0.00187836
19.7802		0.00254148		0.00191121		0.00187533		0.00179299		0.00186856
19.8901		0.00252297		0.0018999		0.0018645		0.00178885		0.00186075
20		0.00250176		0.00188664		0.00186731		0.0017845		0.00185277
20.1099		0.00248025		0.00187733		0.00185751		0.00177957		0.00184628
20.2198		0.00246012		0.00186885		0.00184645		0.0017759		0.00184004
20.3297		0.00243759		0.00185649		0.00184955		0.001773		0.0018348
20.4396		0.00241413		0.00184862		0.00184356		0.00176901		0.00182984
20.5495		0.00239294		0.00184183		0.00183217		0.00176598		0.00182436
20.6593		0.00237149		0.00183131		0.00183473		0.001763		0.00181932
20.7692		0.00234761		0.0018233		0.0018307		0.00176069		0.00181458
20.8791		0.00232687		0.00181704		0.00181834		0.0017584		0.00181096
20.989		0.00230473		0.00180737		0.00181986		0.00175614		0.00180402
21.0989		0.0022807		0.00179825		0.00181792		0.00175394		0.00180022
21.2088		0.00225824		0.00179254		0.00180568		0.00175211		0.0017956
21.3187		0.0022356		0.00178267		0.00180521		0.00175037		0.00179045
21.4286		0.00221013		0.00177405		0.00180471		0.00174828		0.00178647
21.5385		0.00218603		0.00176738		0.00179318		0.00174699		0.00178238
21.6484		0.00216125		0.00175745		0.00179107		0.00174605		0.00177917
21.7582		0.00213424		0.00174734		0.00179187		0.00174468		0.00177727
21.8681		0.00210751		0.00173954		0.00178136		0.00174409		0.00177424
21.978		0.002081		0.00172977		0.00177685		0.0017438		0.00177168
22.0879		0.0020531		0.0017193		0.00177777		0.00174301		0.00177003
22.1978		0.00202524		0.00171134		0.00176744		0.0017423		0.00176835
22.3077		0.00199856		0.00170155		0.00176082		0.00174185		0.00176654
22.4176		0.00196998		0.00169101		0.00176122		0.00174137		0.00176545
22.5275		0.00194295		0.00168289		0.00175132		0.00174061		0.00176354
22.6374		0.00191715		0.00167431		0.00174272		0.00173967		0.0017623
22.7473		0.00189072		0.0016645		0.00174204		0.00173814		0.00176116
22.8571		0.00186638		0.0016577		0.00173336		0.00173607		0.0017596
22.967		0.00184229		0.00165039		0.00172318		0.00173492		0.00175847
23.0769		0.00181877		0.00164162		0.00172158		0.00173303		0.00175656
23.1868		0.00179613		0.00163471		0.00171336		0.00173089		0.00175551
23.2967		0.00177492		0.00162785		0.00170231		0.00172782		0.00175424
23.4066		0.00175391		0.00161999		0.00169969		0.00172592		0.00175228
23.5165		0.00173326		0.00161292		0.00169282		0.00172343		0.00174923
23.6264		0.00171227		0.00160624		0.00168075		0.00172069		0.00174633
23.7363		0.00169212		0.00159757		0.00167767		0.00171793		0.00174235
23.8462		0.00167127		0.00159019		0.00167213		0.00171549		0.00173954
23.956		0.00165389		0.00158356		0.00166059		0.00171179		0.00173476
24.0659		0.00163535		0.00157475		0.00165643		0.00170932		0.00172949
24.1758		0.00161663		0.00156669		0.00165153		0.00170647		0.00172465
24.2857		0.00160044		0.00155975		0.00164117		0.0017029		0.00171828
24.3956		0.00158574		0.00155168		0.00163602		0.00170075		0.00171161
24.5055		0.00156971		0.00154363		0.00163301		0.00169859		0.0017064
24.6154		0.00155653		0.00153838		0.0016229		0.00169594		0.00169874
24.7253		0.00154412		0.0015314		0.00161705		0.00169449		0.00169162
24.8352		0.00153061		0.00152586		0.00161358		0.00169275		0.00168548
24.9451		0.00151912		0.00152204		0.00160366		0.00169219		0.00167912
25.0549		0.00150772		0.00151931		0.00159682		0.0016922		0.00167293
25.1648		0.0014968		0.00151656		0.00159302		0.00169218		0.00166826
25.2747		0.00148519		0.00151618		0.00158352		0.00169224		0.0016632
25.3846		0.0014755		0.00151651		0.00157579		0.00169232		0.00165973
25.4945		0.00146471		0.00151761		0.00157192		0.00169308		0.00165677
25.6044		0.00145471		0.00152046		0.00156278		0.00169328		0.00165398
25.7143		0.00144623		0.0015239		0.00155403		0.00169347		0.00165239
25.8242		0.00143831		0.00152703		0.00155001		0.00169439		0.00165105
25.9341		0.00143057		0.00153229		0.00154157		0.00169331		0.00164997
26.044		0.00142615		0.00153746		0.00153228		0.00169324		0.0016506
26.1538		0.00142236		0.00154166		0.00152801		0.00169298		0.00165011
26.2637		0.00141875		0.00154789		0.00152038		0.00169126		0.00165051
26.3736		0.00141795		0.00155416		0.00151111		0.00168977		0.00165232
26.4835		0.0014172		0.00155925		0.00150605		0.00168841		0.00165433
26.5934		0.00141809		0.0015651		0.00149887		0.001687		0.00165451
26.7033		0.00141981		0.00157085		0.00149043		0.00168528		0.00165649
26.8132		0.00142144		0.00157538		0.00148575		0.00168337		0.00165769
26.9231		0.00142299		0.00158054		0.00148029		0.00168106		0.00165916
27.033		0.00142626		0.00158595		0.00147266		0.00167927		0.00166111
27.1429		0.00142834		0.00158974		0.00146959		0.0016775		0.0016614
27.2527		0.00143113		0.00159472		0.00146635		0.0016746		0.00166214
27.3626		0.00143443		0.00159932		0.0014608		0.00167239		0.00166198
27.4725		0.00143668		0.00160239		0.00145957		0.00167031		0.00166121
27.5824		0.0014393		0.00160617		0.00146001		0.00166837		0.00166114
27.6923		0.00144172		0.00160931		0.00145717		0.00166517		0.00166021
27.8022		0.00144497		0.001612		0.00145711		0.00166342		0.00165909
27.9121		0.00144751		0.00161445		0.00145872		0.00166105		0.0016576
28.022		0.00145045		0.0016167		0.00145759		0.00165816		0.00165676
28.1319		0.00145379		0.0016184		0.00145932		0.00165623		0.00165621
28.2418		0.00145734		0.00162033		0.00146267		0.00165427		0.00165433
28.3516		0.00146032		0.00162179		0.00146338		0.00165184		0.00165392
28.4615		0.00146319		0.00162322		0.00146589		0.00164944		0.00165326
28.5714		0.00146677		0.00162409		0.0014688		0.00164696		0.00165181
28.6813		0.00146933		0.0016259		0.00147072		0.00164448		0.0016516
28.7912		0.0014723		0.00162752		0.00147305		0.00164166		0.00165136
28.9011		0.00147438		0.00162772		0.00147631		0.00164086		0.00165018
29.011		0.00147635		0.00162879		0.00147762		0.00163828		0.0016488
29.1209		0.00147859		0.00162913		0.00147951		0.00163708		0.00164829
29.2308		0.00148036		0.00162884		0.0014825		0.0016361		0.00164624
29.3407		0.00148125		0.00162807		0.00148338		0.00163542		0.0016446
29.4505		0.00148283		0.00162749		0.00148382		0.00163384		0.00164226
29.5604		0.00148335		0.00162577		0.0014857		0.00163321		0.00163964
29.6703		0.00148364		0.00162472		0.00148695		0.00163204		0.00163548
29.7802		0.00148342		0.00162341		0.0014865		0.00163085		0.00163087
29.8901		0.00148371		0.00162095		0.00148858		0.00163081		0.00162569
30		0.00148314		0.00161862		0.00148954		0.00162983		0.00162106
30.1099		0.00148308		0.00161554		0.00148998		0.00162936		0.00161525
30.2198		0.00148182		0.00161145		0.0014919		0.00162981		0.00160861
30.3297		0.00148011		0.00160765		0.00149474		0.00163008		0.00160417
30.4396		0.00147927		0.00160337		0.0014963		0.00163045		0.0015988
30.5495		0.00147776		0.00159847		0.00150014		0.00163192		0.00159401
30.6593		0.00147659		0.00159361		0.00150418		0.00163311		0.00158995
30.7692		0.00147604		0.0015884		0.00150741		0.0016343		0.00158674
30.8791		0.00147512		0.00158253		0.00151175		0.0016357		0.00158227
30.989		0.00147443		0.00157735		0.00151717		0.00163788		0.00157892
31.0989		0.00147311		0.00157196		0.00152087		0.00163881		0.00157465
31.2088		0.00147274		0.00156605		0.00152492		0.00163913		0.00157126
31.3187		0.00147253		0.00156125		0.00152966		0.00164009		0.00156981
31.4286		0.00147111		0.00155729		0.00153264		0.00163918		0.00156743
31.5385		0.00147072		0.0015533		0.00153413		0.00163836		0.00156596
31.6484		0.00146873		0.00154992		0.00153678		0.00163753		0.00156533
31.7582		0.00146662		0.00154735		0.00153792		0.00163559		0.00156332
31.8681		0.00146454		0.00154535		0.00153691		0.00163412		0.00156126
31.978		0.00146232		0.00154428		0.00153748		0.00163369		0.00155945
32.0879		0.0014598		0.00154346		0.00153562		0.00163272		0.00155603
32.1978		0.00145841		0.00154334		0.00153255		0.00163128		0.00155319
32.3077		0.00145565		0.00154424		0.00153161		0.0016324		0.00155116
32.4176		0.0014544		0.00154528		0.00152852		0.00163313		0.00154543
32.5275		0.00145263		0.00154843		0.0015242		0.00163313		0.00154199
32.6374		0.00145164		0.00155081		0.0015217		0.0016343		0.00153767
32.7473		0.00145123		0.00155389		0.00151812		0.00163553		0.00153269
32.8571		0.00145202		0.00155849		0.00151377		0.00163574		0.00152773
32.967		0.00145312		0.00156374		0.00151113		0.0016362		0.0015226
33.0769		0.00145424		0.00156801		0.00150848		0.00163774		0.00151845
33.1868		0.0014571		0.00157254		0.00150515		0.00163687		0.00151412
33.2967		0.00146077		0.00157688		0.00150376		0.00163712		0.00150927
33.4066		0.00146422		0.00157995		0.00150214		0.0016367		0.00150532
33.5165		0.00147003		0.00158329		0.00150088		0.00163582		0.00150194
33.6264		0.00147596		0.00158602		0.00149989		0.00163482		0.00149771
33.7363		0.00148253		0.00158659		0.00149998		0.0016344		0.00149559
33.8462		0.00149081		0.00158871		0.0015001		0.0016328		0.00149235
33.956		0.00149994		0.00158951		0.00150013		0.0016317		0.00148945
34.0659		0.00150978		0.00158911		0.00150138		0.00163156		0.00148704
34.1758		0.00152007		0.00158941		0.00150316		0.00163063		0.00148504
34.2857		0.00153088		0.00158846		0.00150332		0.00162903		0.00148307
34.3956		0.00154153		0.00158835		0.00150515		0.00162997		0.00148215
34.5055		0.00155218		0.00158733		0.00150624		0.00162882		0.00148184
34.6154		0.00156202		0.00158707		0.00150639		0.00162858		0.00148118
34.7253		0.00157162		0.00158602		0.00150869		0.00162862		0.00147981
34.8352		0.00158012		0.0015862		0.00150996		0.00162821		0.00147932
34.9451		0.00158879		0.00158661		0.00150978		0.00162654		0.00147871
35.0549		0.00159636		0.00158663		0.00151053		0.0016269		0.001478
35.1648		0.00160238		0.00158729		0.00151087		0.00162754		0.0014767
35.2747		0.00160819		0.00158861		0.00150916		0.00162776		0.00147685
35.3846		0.0016125		0.00159011		0.00150808		0.00162872		0.00147525
35.4945		0.00161532		0.00159238		0.00150719		0.0016298		0.00147393
35.6044		0.00161714		0.00159506		0.00150389		0.00163098		0.00147297
35.7143		0.00161808		0.00159724		0.00150095		0.0016336		0.00147226
35.8242		0.00161694		0.00160032		0.00149955		0.00163609		0.00147286
35.9341		0.00161493		0.00160375		0.0014956		0.00163875		0.00147334
36.044		0.00161081		0.00160697		0.0014913		0.00164261		0.00147267
36.1538		0.00160542		0.0016105		0.0014901		0.00164747		0.00147263
