0	0
0.0112305	1.89316e-05
0.0224609	5.72813e-05
0.0336914	8.56883e-05
0.0449219	9.89671e-05
0.0561523	0.000146576
0.0673828	9.90782e-05
0.0786133	8.7318e-05
0.0898438	8.96028e-05
0.101074	9.70339e-05
0.112305	0.000116098
0.123535	0.000146516
0.134766	0.000110644
0.145996	0.000124645
0.157227	0.00011791
0.168457	0.000115285
0.179688	0.000116188
0.190918	0.000114326
0.202148	0.000151739
0.213379	0.000182007
0.224609	0.00017297
0.23584	0.000164283
0.24707	0.000197737
0.258301	0.000202648
0.269531	0.000303134
0.280762	0.000320536
0.291992	0.000410859
0.303223	0.000390272
0.314453	0.000369743
0.325684	0.000351186
0.336914	0.000349206
0.348145	0.000284491
0.359375	0.000428987
0.370605	0.000539394
0.381836	0.000556864
0.393066	0.000605216
0.404297	0.000713723
0.415527	0.000579316
0.426758	0.000663429
0.437988	0.000613424
0.449219	0.00069168
0.460449	0.0007164
0.47168	0.000939132
0.48291	0.000767379
0.494141	0.000744415
0.505371	0.000825394
0.516602	0.000900252
0.527832	0.000930594
0.539062	0.00100531
0.550293	0.00107028
0.561523	0.00119514
0.572754	0.00155617
0.583984	0.00148078
0.595215	0.00182884
0.606445	0.00190929
0.617676	0.00196913
0.628906	0.00192626
0.640137	0.00184188
0.651367	0.00210373
0.662598	0.00204588
0.673828	0.00175378
0.685059	0.00144839
0.696289	0.00153634
0.70752	0.00137464
0.71875	0.00132195
0.72998	0.0025506
0.741211	0.00243462
0.752441	0.00245702
0.763672	0.00287149
0.774902	0.00406342
0.786133	0.00324419
0.797363	0.0036637
0.808594	0.00419336
0.819824	0.00331273
0.831055	0.00249001
0.842285	0.00208824
0.853516	0.00290522
0.864746	0.00272649
0.875977	0.00332757
0.887207	0.00484471
0.898438	0.0051499
0.909668	0.00461588
0.920898	0.0046935
0.932129	0.00480051
0.943359	0.00484186
0.95459	0.00487315
0.96582	0.00450574
0.977051	0.00478256
0.988281	0.00453661
0.999512	0.00338359
1.01074	0.0038371
1.02197	0.00373305
1.0332	0.00373278
1.04443	0.00403461
1.05566	0.00395962
1.06689	0.0035775
1.07812	0.00406054
1.08936	0.00502784
1.10059	0.00465914
1.11182	0.004838
1.12305	0.00529973
1.13428	0.00527875
1.14551	0.00429379
1.15674	0.00415357
1.16797	0.00337133
1.1792	0.00372205
1.19043	0.00589141
1.20166	0.00611678
1.21289	0.00822493
1.22412	0.00878461
1.23535	0.00850683
1.24658	0.00597929
1.25781	0.00573086
1.26904	0.00514065
1.28027	0.00586312
1.2915	0.0065489
1.30273	0.00647873
1.31396	0.00601593
1.3252	0.00627771
1.33643	0.00499172
1.34766	0.00450073
1.35889	0.00474096
1.37012	0.00689694
1.38135	0.00669351
1.39258	0.00886076
1.40381	0.0105876
1.41504	0.0126607
1.42627	0.0108773
1.4375	0.0106005
1.44873	0.0111993
1.45996	0.0100365
1.47119	0.00814443
1.48242	0.00933076
1.49365	0.00926107
1.50488	0.008582
1.51611	0.00860414
1.52734	0.00961741
1.53857	0.00853976
1.5498	0.00819545
1.56104	0.0110161
1.57227	0.0109897
1.5835	0.0113584
1.59473	0.0123499
1.60596	0.0131679
1.61719	0.00946664
1.62842	0.00910043
1.63965	0.00852249
1.65088	0.00893776
1.66211	0.0111362
1.67334	0.0101133
1.68457	0.0115059
1.6958	0.0146481
1.70703	0.0139935
1.71826	0.0220957
1.72949	0.021578
1.74072	0.020727
1.75195	0.0174623
1.76318	0.0182401
1.77441	0.00591329
1.78564	0.00882385
1.79688	0.0113221
1.80811	0.0127294
1.81934	0.0124519
1.83057	0.0144914
1.8418	0.0123821
1.85303	0.0140123
1.86426	0.0114823
1.87549	0.0104505
1.88672	0.00993793
1.89795	0.0107452
1.90918	0.00799173
1.92041	0.0095793
1.93164	0.0138906
1.94287	0.0155521
1.9541	0.0167084
1.96533	0.0160085
1.97656	0.0168456
1.98779	0.015131
1.99902	0.0140481
2.01025	0.0130462
2.02148	0.0185759
2.03271	0.020395
2.04395	0.0195476
2.05518	0.0229085
2.06641	0.0262336
2.07764	0.0234094
2.08887	0.01983
2.1001	0.0201829
2.11133	0.0235807
2.12256	0.0244842
2.13379	0.0210039
2.14502	0.027179
2.15625	0.0275404
2.16748	0.0225965
2.17871	0.022398
2.18994	0.0249035
2.20117	0.0201308
2.2124	0.0244882
2.22363	0.0233878
2.23486	0.021373
2.24609	0.0200288
2.25732	0.0253059
2.26855	0.0220176
2.27979	0.0252998
2.29102	0.0264132
2.30225	0.0343045
2.31348	0.0352978
2.32471	0.0336303
2.33594	0.0303476
2.34717	0.0269262
2.3584	0.0166797
2.36963	0.0114025
2.38086	0.0106507
2.39209	0.0128304
2.40332	0.0140181
2.41455	0.019818
2.42578	0.0212106
2.43701	0.0256307
2.44824	0.0258231
2.45947	0.0285703
2.4707	0.0244117
2.48193	0.0297664
2.49316	0.0270525
2.50439	0.0256227
2.51562	0.023846
2.52686	0.037586
2.53809	0.0346494
2.54932	0.0385451
2.56055	0.0364468
2.57178	0.0362997
2.58301	0.023283
2.59424	0.0230576
2.60547	0.0198441
2.6167	0.0221086
2.62793	0.0272104
2.63916	0.0286056
2.65039	0.0305845
2.66162	0.0284649
2.67285	0.0260827
2.68408	0.025716
2.69531	0.0303257
2.70654	0.0261145
2.71777	0.0320598
2.729	0.0349721
2.74023	0.0312876
2.75146	0.0300794
2.7627	0.026944
2.77393	0.0253231
2.78516	0.0293842
2.79639	0.0293167
2.80762	0.0246572
2.81885	0.0251826
2.83008	0.0249577
2.84131	0.0183149
2.85254	0.0248114
2.86377	0.0243401
2.875	0.0250719
2.88623	0.0229102
2.89746	0.0248132
2.90869	0.0202879
2.91992	0.0482174
2.93115	0.0516956
2.94238	0.0521813
2.95361	0.0534134
2.96484	0.0527757
2.97607	0.0238625
2.9873	0.0230804
2.99854	0.023589
3.00977	0.0257168
3.021	0.0357795
3.03223	0.0497562
3.04346	0.0482558
3.05469	0.0533958
3.06592	0.0489473
3.07715	0.0465846
3.08838	0.0366802
3.09961	0.0369146
3.11084	0.0503219
3.12207	0.0680027
3.1333	0.0585397
3.14453	0.0543981
3.15576	0.0636121
3.16699	0.0456246
3.17822	0.0293956
3.18945	0.0288062
3.20068	0.0325788
3.21191	0.0235638
3.22314	0.0267911
3.23438	0.0351907
3.24561	0.034388
3.25684	0.0346559
3.26807	0.0338617
3.2793	0.0304002
3.29053	0.0252705
3.30176	0.0235135
3.31299	0.0318459
3.32422	0.03587
3.33545	0.0385726
3.34668	0.0332654
3.35791	0.0331144
3.36914	0.0239003
3.38037	0.0234202
3.3916	0.0274248
3.40283	0.0302352
3.41406	0.0438703
3.42529	0.0577624
3.43652	0.0537936
3.44775	0.0478113
3.45898	0.0482097
3.47021	0.0414311
3.48145	0.0255655
3.49268	0.0443948
3.50391	0.0434141
3.51514	0.0435598
3.52637	0.0563248
3.5376	0.0573753
3.54883	0.0490785
3.56006	0.055177
3.57129	0.0511272
3.58252	0.0473432
3.59375	0.0466193
3.60498	0.0343276
3.61621	0.0345857
3.62744	0.0424658
3.63867	0.0280251
3.6499	0.0337722
3.66113	0.0451733
3.67236	0.0386137
3.68359	0.0331799
3.69482	0.0390979
3.70605	0.0309432
3.71729	0.0333841
3.72852	0.0354032
3.73975	0.0388576
3.75098	0.0538301
3.76221	0.0617103
3.77344	0.0512451
3.78467	0.0600691
3.7959	0.053798
3.80713	0.04919
3.81836	0.0432287
3.82959	0.0414928
3.84082	0.0331881
3.85205	0.0464652
3.86328	0.0319812
3.87451	0.0333709
3.88574	0.0339655
3.89697	0.0402355
3.9082	0.0534178
3.91943	0.0836079
3.93066	0.267186
3.94189	0.49634
3.95312	0.82642
3.96436	0.892533
3.97559	0.876823
3.98682	0.703335
3.99805	0.482678
4.00928	0.15275
4.02051	0.0676663
4.03174	0.0617269
4.04297	0.0511563
4.0542	0.0629275
4.06543	0.0978079
4.07666	0.098657
4.08789	0.0909215
4.09912	0.0947603
4.11035	0.0843804
4.12158	0.0598641
4.13281	0.0586257
4.14404	0.0675662
4.15527	0.0676564
4.1665	0.059699
4.17773	0.0460584
4.18896	0.0456447
4.2002	0.0542093
4.21143	0.0508464
4.22266	0.0732074
4.23389	0.0694478
4.24512	0.0942978
4.25635	0.0890467
4.26758	0.104057
4.27881	0.0982057
4.29004	0.099439
4.30127	0.0835757
4.3125	0.0753914
4.32373	0.0791356
4.33496	0.0766515
4.34619	0.0718372
4.35742	0.0701133
4.36865	0.0846712
4.37988	0.0995643
4.39111	0.103161
4.40234	0.106837
4.41357	0.101567
4.4248	0.0870336
4.43604	0.0510931
4.44727	0.0297291
4.4585	0.030645
4.46973	0.0358706
4.48096	0.0455368
4.49219	0.0468387
4.50342	0.0463263
4.51465	0.0430946
4.52588	0.0482638
4.53711	0.0515305
4.54834	0.0655339
4.55957	0.0813051
4.5708	0.0877698
4.58203	0.0741608
4.59326	0.0661586
4.60449	0.0548559
4.61572	0.0770249
4.62695	0.0858427
4.63818	0.155509
4.64941	0.159648
4.66064	0.159785
4.67188	0.146754
4.68311	0.130028
4.69434	0.0964089
4.70557	0.0878196
4.7168	0.114026
4.72803	0.0966303
4.73926	0.125609
4.75049	0.122089
4.76172	0.150724
4.77295	0.128038
4.78418	0.164171
4.79541	0.170308
4.80664	0.142084
4.81787	0.128526
4.8291	0.160428
4.84033	0.17417
4.85156	0.152645
4.86279	0.187064
4.87402	0.183289
4.88525	0.197101
4.89648	0.142675
4.90771	0.157975
4.91895	0.119035
4.93018	0.13552
4.94141	0.100047
4.95264	0.122254
4.96387	0.100669
4.9751	0.142867
4.98633	0.126354
4.99756	0.113839
5.00879	0.12049
5.02002	0.118604
5.03125	0.0870466
5.04248	0.124023
5.05371	0.174436
5.06494	0.161096
5.07617	0.206516
5.0874	0.214289
5.09863	0.197914
5.10986	0.146282
5.12109	0.134891
5.13232	0.136037
5.14355	0.153416
5.15479	0.129956
5.16602	0.190629
5.17725	0.215441
5.18848	0.192842
5.19971	0.183275
5.21094	0.200648
5.22217	0.136164
5.2334	0.130811
5.24463	0.114743
5.25586	0.135115
5.26709	0.113495
5.27832	0.130799
5.28955	0.145402
5.30078	0.175327
5.31201	0.196752
5.32324	0.203244
5.33447	0.189539
5.3457	0.157464
5.35693	0.120341
5.36816	0.0539015
5.37939	0.0511473
5.39062	0.05949
5.40186	0.0659103
5.41309	0.090944
5.42432	0.0952261
5.43555	0.0990904
5.44678	0.103867
5.45801	0.11436
5.46924	0.0920435
5.48047	0.154686
5.4917	0.141973
5.50293	0.140226
5.51416	0.115174
5.52539	0.143562
5.53662	0.0834944
5.54785	0.0947482
5.55908	0.100121
5.57031	0.150342
5.58154	0.149155
5.59277	0.145272
5.604	0.145009
5.61523	0.169977
5.62646	0.140199
5.6377	0.178608
5.64893	0.194998
5.66016	0.212132
5.67139	0.18333
5.68262	0.182762
5.69385	0.10555
5.70508	0.0849334
5.71631	0.0547949
5.72754	0.0349094
