0.000000	2.2336305415e+00
0.011230	2.2895677654e+00
0.022461	2.0203864562e+00
0.033691	1.2171744207e+00
0.044922	9.7473486163e-01
0.056152	9.6049160050e-01
0.067383	1.1097558457e+00
0.078613	1.2239522685e+00
0.089844	1.3352285098e+00
0.101074	1.2821002273e+00
0.112305	1.3178866931e+00
0.123535	1.1380416876e+00
0.134766	8.3195697009e-01
0.145996	7.2749893804e-01
0.157227	7.1578049717e-01
0.168457	4.4285414027e-01
0.179688	3.6742745871e-01
0.190918	2.8266625569e-01
0.202148	2.6625641667e-01
0.213379	1.3886801635e-01
0.224609	1.4162586440e-01
0.235840	1.1792789612e-01
0.247070	1.8344533558e-01
0.258301	1.6792565490e-01
0.269531	1.5459316281e-01
0.280762	1.6180868047e-01
0.291992	1.5246243368e-01
0.303223	8.6261827275e-02
0.314453	8.2097685090e-02
0.325684	6.6799703222e-02
0.336914	4.2004992333e-02
0.348145	5.7450900531e-02
0.359375	6.1885088123e-02
0.370605	4.2048627387e-02
0.381836	5.9420190606e-02
0.393066	7.4207051157e-02
0.404297	5.2541847410e-02
0.415527	5.1741081411e-02
0.426758	5.8442317821e-02
0.437988	4.0376687869e-02
0.449219	2.8879577063e-02
0.460449	3.0066105952e-02
0.471680	2.2653782386e-02
0.482910	1.9114587247e-02
0.494141	1.9468626582e-02
0.505371	1.9116354380e-02
0.516602	2.1566985667e-02
0.527832	3.0198879046e-02
0.539062	2.8920325895e-02
0.550293	3.7226446065e-02
0.561523	3.3963511673e-02
0.572754	3.3411976196e-02
0.583984	2.5218790847e-02
0.595215	2.5414185582e-02
0.606445	1.5236452499e-02
0.617676	1.4790653231e-02
0.628906	9.2038024045e-03
0.640137	9.8640435129e-03
0.651367	7.8701088772e-03
0.662598	1.0256995548e-02
0.673828	9.6579864554e-03
0.685059	1.1377780607e-02
0.696289	9.5275720289e-03
0.707520	9.7932789658e-03
0.718750	7.0029695703e-03
0.729980	8.4498260025e-03
0.741211	7.3971825304e-03
0.752441	8.7626631195e-03
0.763672	9.1408526460e-03
0.774902	1.0413384543e-02
0.786133	7.7911197216e-03
0.797363	7.1875360106e-03
0.808594	7.1174310928e-03
0.819824	6.3782746877e-03
0.831055	4.6049340791e-03
0.842285	4.2584276035e-03
0.853516	3.9183329663e-03
0.864746	3.7036204304e-03
0.875977	3.4759712881e-03
0.887207	3.6126475902e-03
0.898438	4.7431349814e-03
0.909668	5.0330169976e-03
0.920898	4.2178179704e-03
0.932129	4.7478433296e-03
0.943359	4.5571291422e-03
0.954590	3.5860719992e-03
0.965820	3.2213398078e-03
0.977051	3.9504588879e-03
0.988281	3.0946685283e-03
0.999512	4.2903080439e-03
1.010742	4.1134412107e-03
1.021973	5.7589578016e-03
1.033203	4.9296801837e-03
1.044434	9.1687597846e-03
1.055664	1.0073555522e-02
1.066895	1.0055693870e-02
1.078125	8.4444800367e-03
1.089355	8.4842467138e-03
1.100586	5.8739461529e-03
1.111816	3.9733737419e-03
1.123047	4.2408387973e-03
1.134277	4.6046135430e-03
1.145508	4.3618815760e-03
1.156738	2.7616704069e-03
1.167969	2.7865745832e-03
1.179199	3.9719226485e-03
1.190430	3.6533320671e-03
1.201660	3.5609192304e-03
1.212891	4.0744861076e-03
1.224121	3.9213905142e-03
1.235352	2.2810991842e-03
1.246582	2.1940359033e-03
1.257812	2.4775118766e-03
1.269043	2.0526013426e-03
1.280273	6.0234541770e-03
1.291504	6.4539069104e-03
1.302734	8.1871679829e-03
1.313965	9.2784012603e-03
1.325195	9.1547362877e-03
1.336426	5.2400458061e-03
1.347656	5.6424021638e-03
1.358887	3.8939811204e-03
1.370117	2.6314227890e-03
1.381348	3.1308435500e-03
1.392578	5.3598686385e-03
1.403809	4.4670936146e-03
1.415039	4.4321117137e-03
1.426270	4.1304393119e-03
1.437500	4.4474293385e-03
1.448730	4.4153841762e-03
1.459961	6.0020517455e-03
1.471191	6.5537474415e-03
1.482422	7.0093519858e-03
1.493652	6.4942117589e-03
1.504883	4.4812803566e-03
1.516113	5.4773839897e-03
1.527344	5.3002344324e-03
1.538574	4.9599712589e-03
1.549805	5.6750482898e-03
1.561035	7.6547693931e-03
1.572266	5.3076901188e-03
1.583496	5.7385014441e-03
1.594727	7.1272754934e-03
1.605957	6.7197210098e-03
1.617188	6.6527260983e-03
1.628418	7.9312945739e-03
1.639648	7.8819947572e-03
1.650879	7.1298181140e-03
1.662109	8.6826348761e-03
1.673340	6.9751783212e-03
1.684570	5.6748087718e-03
1.695801	5.6332892220e-03
1.707031	6.8964148957e-03
1.718262	4.9500711176e-03
1.729492	4.7196525095e-03
1.740723	4.7813129563e-03
1.751953	4.1123973203e-03
1.763184	2.8103518081e-03
1.774414	2.9968977172e-03
1.785645	3.1103094830e-03
1.796875	4.6489273010e-03
1.808105	6.0362781988e-03
1.819336	6.2226638208e-03
1.830566	6.4587125703e-03
1.841797	6.2760205027e-03
1.853027	5.9255586141e-03
1.864258	5.0944302248e-03
1.875488	5.9526047725e-03
1.886719	5.8862336751e-03
1.897949	5.6281888754e-03
1.909180	4.8337241157e-03
1.920410	4.5242419219e-03
1.931641	3.2604257458e-03
1.942871	4.1452694509e-03
1.954102	4.7094002292e-03
1.965332	5.0284826674e-03
1.976562	6.6093223083e-03
1.987793	5.9206133180e-03
1.999023	5.5578899929e-03
2.010254	6.4715907673e-03
2.021484	6.0070899399e-03
2.032715	4.9255582491e-03
2.043945	5.8593797505e-03
2.055176	5.0049641830e-03
2.066406	4.2146926241e-03
2.077637	3.9632874569e-03
2.088867	6.4009313283e-03
2.100098	5.8437042779e-03
2.111328	6.5304083246e-03
2.122559	6.4125950445e-03
2.133789	6.7373830284e-03
2.145020	3.8712476413e-03
2.156250	4.9754583695e-03
2.167480	4.0958822530e-03
2.178711	3.9583038258e-03
2.189941	4.1740873889e-03
2.201172	4.2840507318e-03
2.212402	3.2854503755e-03
2.223633	4.2903732041e-03
2.234863	4.1686770443e-03
2.246094	3.6198595665e-03
2.257324	5.6230873120e-03
2.268555	5.3633955615e-03
2.279785	4.5800400081e-03
2.291016	5.2150351876e-03
2.302246	5.8964454676e-03
2.313477	3.8366003690e-03
2.324707	4.7314145824e-03
2.335938	4.9590357241e-03
2.347168	4.4214915464e-03
2.358398	3.6028713478e-03
2.369629	3.7903438881e-03
2.380859	3.7266072818e-03
2.392090	4.2597288050e-03
2.403320	5.2175377397e-03
2.414551	7.1416966075e-03
2.425781	6.5497689983e-03
2.437012	6.3045253006e-03
2.448242	5.5364173172e-03
2.459473	4.3470885292e-03
2.470703	2.4804072193e-03
2.481934	2.8818889921e-03
2.493164	3.5259941723e-03
2.504395	3.6438012081e-03
2.515625	4.4695539293e-03
2.526855	5.1701591079e-03
2.538086	4.8041513490e-03
2.549316	4.0630159966e-03
2.560547	4.2152589628e-03
2.571777	3.5233322684e-03
2.583008	2.9469264551e-03
2.594238	3.1319827153e-03
2.605469	3.5474507678e-03
2.616699	3.5782451729e-03
2.627930	4.4471408617e-03
2.639160	5.2284982736e-03
2.650391	4.7584230270e-03
2.661621	4.8762374264e-03
2.672852	5.4452032662e-03
2.684082	5.7901556554e-03
2.695312	4.6116014667e-03
2.706543	5.2668043373e-03
2.717773	4.2139512480e-03
2.729004	4.0296094106e-03
2.740234	3.1654631202e-03
2.751465	3.6380006796e-03
2.762695	3.1334103037e-03
2.773926	6.1499329243e-03
2.785156	5.8040243591e-03
2.796387	6.3104079181e-03
2.807617	7.1708695679e-03
2.818848	8.3412458684e-03
2.830078	6.0543269258e-03
2.841309	6.8087952780e-03
2.852539	6.3964606970e-03
2.863770	6.5932612677e-03
2.875000	6.1153940601e-03
2.886230	6.5812188160e-03
2.897461	5.6293683037e-03
2.908691	4.9330584166e-03
2.919922	3.5357658281e-03
2.931152	2.8259886473e-03
2.942383	2.6075559800e-03
2.953613	3.7203020289e-03
2.964844	3.8357270506e-03
2.976074	3.8201687793e-03
2.987305	3.7979293818e-03
2.998535	3.4512746626e-03
3.009766	2.3347459622e-03
3.020996	2.8472262859e-03
3.032227	3.7995019935e-03
3.043457	5.0643986226e-03
3.054688	4.7911635172e-03
3.065918	5.2157647276e-03
3.077148	5.3248085847e-03
3.088379	6.0404995553e-03
3.099609	5.3295480868e-03
3.110840	6.0066497897e-03
3.122070	6.8136026794e-03
3.133301	6.5147739395e-03
3.144531	4.7341239343e-03
3.155762	4.3932175899e-03
3.166992	3.6003604066e-03
3.178223	2.6702914649e-03
3.189453	3.1690227036e-03
3.200684	3.8980210544e-03
3.211914	4.3114441249e-03
3.223145	4.7174651938e-03
3.234375	4.5363417671e-03
3.245605	5.1260225145e-03
3.256836	4.7318666861e-03
3.268066	4.1186595186e-03
3.279297	3.7251626198e-03
3.290527	3.9640900963e-03
3.301758	3.0670704573e-03
3.312988	3.3274148621e-03
3.324219	3.3532056891e-03
3.335449	3.6968943340e-03
3.346680	4.6528756545e-03
3.357910	4.3143616422e-03
3.369141	4.0923113712e-03
3.380371	5.8008455138e-03
3.391602	5.5819029705e-03
3.402832	5.0735626584e-03
3.414062	6.0230585188e-03
3.425293	6.5151877084e-03
3.436523	5.4085469957e-03
3.447754	5.2918412799e-03
3.458984	5.4065842022e-03
3.470215	4.0431898288e-03
3.481445	3.7624380859e-03
3.492676	3.7403179017e-03
3.503906	3.8628516239e-03
3.515137	2.8529011819e-03
3.526367	2.8704505547e-03
3.537598	2.5850680774e-03
3.548828	2.5532599351e-03
3.560059	3.1472629372e-03
3.571289	2.9532731799e-03
3.582520	3.6946673223e-03
3.593750	3.5240177831e-03
3.604980	3.2729266404e-03
3.616211	2.9749258685e-03
3.627441	5.0329565803e-03
3.638672	5.0106189055e-03
3.649902	5.0246639756e-03
3.661133	5.5838852951e-03
3.672363	5.2100226482e-03
3.683594	3.5057622644e-03
3.694824	3.2356679269e-03
3.706055	3.3875967083e-03
3.717285	2.5498875223e-03
3.728516	2.2374152921e-03
3.739746	2.3108974614e-03
3.750977	2.9191172406e-03
3.762207	2.6235808725e-03
3.773438	3.3638362631e-03
3.784668	4.0601253723e-03
3.795898	4.7183186098e-03
3.807129	3.8775952904e-03
3.818359	4.5993519678e-03
3.829590	4.0255124162e-03
3.840820	3.6760559877e-03
3.852051	2.8444948524e-03
3.863281	4.0002768433e-03
3.874512	3.6026515316e-03
3.885742	3.9792772034e-03
3.896973	3.8395980596e-03
3.908203	3.7305037464e-03
3.919434	2.7119292917e-03
3.930664	3.4955119274e-03
3.941895	5.8753981176e-03
3.953125	1.5321131425e-02
3.964355	5.2832805363e-02
3.975586	6.9558431957e-02
3.986816	6.9403524564e-02
3.998047	6.9292234008e-02
4.009277	6.0541666743e-02
4.020508	2.3345749365e-02
4.031738	9.3146761976e-03
4.042969	9.9699492977e-03
4.054199	7.5011617055e-03
4.065430	7.0541107723e-03
4.076660	7.3413017379e-03
4.087891	5.4971170725e-03
4.099121	5.2520536149e-03
4.110352	4.8861503072e-03
4.121582	6.0344843002e-03
4.132812	7.1230072365e-03
4.144043	6.5766289141e-03
4.155273	5.7601767688e-03
4.166504	6.7985624556e-03
4.177734	5.9504936492e-03
4.188965	4.9542223928e-03
4.200195	5.6180173477e-03
4.211426	5.8843690119e-03
4.222656	6.4067177366e-03
4.233887	6.5580321923e-03
4.245117	6.0490372166e-03
4.256348	7.8670917052e-03
4.267578	7.9339391553e-03
4.278809	7.0214143423e-03
4.290039	6.1178595716e-03
4.301270	5.9842585875e-03
4.312500	3.1375432236e-03
4.323730	3.4114454468e-03
4.334961	2.9504504294e-03
4.346191	3.4414003491e-03
4.357422	3.3329676215e-03
4.368652	3.4696913790e-03
4.379883	2.6024678655e-03
4.391113	4.3557765302e-03
4.402344	4.2694487121e-03
4.413574	4.4174891378e-03
4.424805	4.8833371703e-03
4.436035	5.6154817794e-03
4.447266	3.7385419963e-03
4.458496	3.9318061883e-03
4.469727	4.3629301210e-03
4.480957	5.5015868472e-03
4.492188	4.8044500159e-03
4.503418	5.5161151078e-03
4.514648	5.6335157187e-03
4.525879	5.2103204268e-03
4.537109	3.1846751081e-03
4.548340	4.7707122824e-03
4.559570	5.5854791645e-03
4.570801	6.4977605325e-03
4.582031	6.7048258911e-03
4.593262	9.2876043642e-03
4.604492	9.2077917194e-03
4.615723	1.0570572372e-02
4.626953	8.8851770365e-03
4.638184	8.8181364117e-03
4.649414	7.5730341816e-03
4.660645	5.9726177012e-03
4.671875	3.8545458647e-03
4.683105	4.9349884638e-03
4.694336	4.4710281888e-03
4.705566	4.7830336879e-03
4.716797	6.9030343789e-03
4.728027	8.2918240435e-03
4.739258	8.9278055331e-03
4.750488	9.0729007473e-03
4.761719	1.1386754126e-02
4.772949	9.6916279036e-03
4.784180	7.8457224284e-03
4.795410	6.3932172715e-03
4.806641	6.4627690597e-03
4.817871	2.5864280925e-03
4.829102	2.5071195990e-03
4.840332	2.1382142336e-03
4.851562	2.2260312126e-03
4.862793	2.5262729969e-03
4.874023	2.9308127613e-03
4.885254	2.4398503713e-03
4.896484	2.7373547387e-03
4.907715	2.7539953322e-03
4.918945	2.4226693107e-03
4.930176	2.5136224104e-03
4.941406	2.6729500871e-03
4.952637	2.3379209290e-03
4.963867	3.2108604196e-03
4.975098	3.6592484229e-03
4.986328	3.9739522610e-03
4.997559	4.8456087132e-03
5.008789	4.9031983027e-03
5.020020	4.0553763785e-03
5.031250	4.1027876747e-03
5.042480	4.1919084699e-03
5.053711	4.0326818605e-03
5.064941	4.9295834277e-03
5.076172	4.5624771380e-03
5.087402	4.1176726384e-03
5.098633	3.4230957583e-03
5.109863	3.4356889419e-03
5.121094	2.7836778058e-03
5.132324	3.4481409966e-03
5.143555	3.2502397420e-03
5.154785	3.0224538814e-03
5.166016	2.5908096019e-03
5.177246	3.4572504011e-03
5.188477	3.0776699515e-03
5.199707	3.7500396953e-03
5.210938	4.5666373225e-03
5.222168	5.4070950277e-03
5.233398	4.3552155607e-03
5.244629	4.5093799244e-03
5.255859	3.7871977876e-03
5.267090	3.5361004250e-03
5.278320	2.3354265317e-03
5.289551	3.3362325567e-03
5.300781	3.3804479229e-03
5.312012	3.9456168767e-03
5.323242	4.1570697042e-03
5.334473	4.4867754741e-03
5.345703	3.4052191835e-03
5.356934	2.8944353289e-03
5.368164	2.4002564813e-03
5.379395	1.8881858812e-03
5.390625	2.2198851391e-03
5.401855	2.6412703956e-03
5.413086	3.1293769323e-03
5.424316	4.9322373562e-03
5.435547	5.3563120775e-03
5.446777	5.2512041253e-03
5.458008	5.9993866637e-03
5.469238	6.1097394092e-03
5.480469	4.2925786242e-03
5.491699	3.5589496020e-03
5.502930	4.6068382843e-03
5.514160	3.5762578085e-03
5.525391	4.0022438381e-03
5.536621	4.1722374043e-03
5.547852	6.2191688133e-03
5.559082	4.4935217406e-03
5.570312	6.1214955935e-03
5.581543	5.5759937975e-03
5.592773	5.9486663988e-03
5.604004	4.2878085341e-03
5.615234	6.3446149336e-03
5.626465	5.6850497819e-03
5.637695	6.6088424685e-03
5.648926	6.3810096577e-03
5.660156	7.4094514748e-03
5.671387	5.4300106852e-03
5.682617	4.9112739216e-03
5.693848	3.5959576763e-03
5.705078	4.1596243549e-03
5.716309	2.6533252243e-03
5.727539	2.2635454803e-03
