0	0
0.0112305	6.32213e-05
0.0224609	0.000211667
0.0336914	0.000513429
0.0449219	0.000640355
0.0561523	0.000643655
0.0673828	0.000807378
0.0786133	0.00119483
0.0898438	0.00127665
0.101074	0.00210984
0.112305	0.00232879
0.123535	0.00301966
0.134766	0.00385721
0.145996	0.00398624
0.157227	0.00290553
0.168457	0.00308292
0.179688	0.00316515
0.190918	0.00233418
0.202148	0.00227001
0.213379	0.00230939
0.224609	0.0030207
0.23584	0.00376453
0.24707	0.0039204
0.258301	0.00409895
0.269531	0.00640939
0.280762	0.00666878
0.291992	0.00809111
0.303223	0.00767473
0.314453	0.00989524
0.325684	0.00865847
0.336914	0.00831952
0.348145	0.00603613
0.359375	0.00587472
0.370605	0.00436957
0.381836	0.00289947
0.393066	0.0030863
0.404297	0.00316726
0.415527	0.00395411
0.426758	0.00375319
0.437988	0.0036729
0.449219	0.00353201
0.460449	0.00380656
0.47168	0.00539166
0.48291	0.0064974
0.494141	0.00719158
0.505371	0.00847886
0.516602	0.00887203
0.527832	0.00666573
0.539062	0.00501271
0.550293	0.00448098
0.561523	0.00313681
0.572754	0.00282042
0.583984	0.00277017
0.595215	0.0032742
0.606445	0.00439364
0.617676	0.00450667
0.628906	0.00470553
0.640137	0.00502364
0.651367	0.00445179
0.662598	0.00398755
0.673828	0.00370804
0.685059	0.0036075
0.696289	0.00434019
0.70752	0.00489349
0.71875	0.00394859
0.72998	0.00402584
0.741211	0.00423531
0.752441	0.00399761
0.763672	0.0036892
0.774902	0.00313539
0.786133	0.00333542
0.797363	0.0027896
0.808594	0.00251717
0.819824	0.00322569
0.831055	0.00335698
0.842285	0.00403449
0.853516	0.00642197
0.864746	0.00611139
0.875977	0.00539476
0.887207	0.00698408
0.898438	0.00635883
0.909668	0.0039295
0.920898	0.00432175
0.932129	0.00455555
0.943359	0.0044473
0.95459	0.00460154
0.96582	0.00501686
0.977051	0.00543953
0.988281	0.00538097
0.999512	0.00406605
1.01074	0.00388499
1.02197	0.00318672
1.0332	0.00584926
1.04443	0.00638764
1.05566	0.00606887
1.06689	0.00583016
1.07812	0.00715875
1.08936	0.00397328
1.10059	0.00392453
1.11182	0.00575147
1.12305	0.00593095
1.13428	0.00558824
1.14551	0.00579409
1.15674	0.00514371
1.16797	0.0038249
1.1792	0.00505244
1.19043	0.00688554
1.20166	0.00723017
1.21289	0.0102477
1.22412	0.0109102
1.23535	0.0106967
1.24658	0.00937837
1.25781	0.00885623
1.26904	0.00833179
1.28027	0.00747639
1.2915	0.00771063
1.30273	0.00814477
1.31396	0.00785825
1.3252	0.00539656
1.33643	0.0057614
1.34766	0.00545218
1.35889	0.00541088
1.37012	0.00701275
1.38135	0.0106702
1.39258	0.0106033
1.40381	0.0113771
1.41504	0.00999287
1.42627	0.00891237
1.4375	0.00652722
1.44873	0.0074538
1.45996	0.00891332
1.47119	0.0112066
1.48242	0.015634
1.49365	0.0157366
1.50488	0.0191959
1.51611	0.0185928
1.52734	0.0172511
1.53857	0.0148596
1.5498	0.0148706
1.56104	0.0107546
1.57227	0.0110912
1.5835	0.0107719
1.59473	0.0104327
1.60596	0.00866831
1.61719	0.00913026
1.62842	0.00866564
1.63965	0.00813653
1.65088	0.0108285
1.66211	0.0113436
1.67334	0.0102553
1.68457	0.0123144
1.6958	0.0131567
1.70703	0.0112779
1.71826	0.0130887
1.72949	0.0138927
1.74072	0.0120834
1.75195	0.0138733
1.76318	0.0111066
1.77441	0.0110525
1.78564	0.0112548
1.79688	0.0106806
1.80811	0.010319
1.81934	0.0109008
1.83057	0.0108261
1.8418	0.0148548
1.85303	0.0141687
1.86426	0.0144387
1.87549	0.0150937
1.88672	0.0150238
1.89795	0.0135637
1.90918	0.0132069
1.92041	0.0156887
1.93164	0.0311899
1.94287	0.0423982
1.9541	0.0434992
1.96533	0.0442794
1.97656	0.0419854
1.98779	0.0289218
1.99902	0.0228613
2.01025	0.0201155
2.02148	0.023138
2.03271	0.0243705
2.04395	0.0231351
2.05518	0.018874
2.06641	0.0192441
2.07764	0.0168491
2.08887	0.0129898
2.1001	0.0118478
2.11133	0.0119714
2.12256	0.0111312
2.13379	0.0112355
2.14502	0.0178565
2.15625	0.0186052
2.16748	0.0215542
2.17871	0.0244789
2.18994	0.0290191
2.20117	0.026676
2.2124	0.0263502
2.22363	0.0214494
2.23486	0.0211997
2.24609	0.0218614
2.25732	0.0225559
2.26855	0.0255433
2.27979	0.024894
2.29102	0.0282536
2.30225	0.0382373
2.31348	0.0355963
2.32471	0.0332957
2.33594	0.0343067
2.34717	0.0294956
2.3584	0.0220471
2.36963	0.024471
2.38086	0.030142
2.39209	0.0333283
2.40332	0.0452199
2.41455	0.03727
2.42578	0.0387537
2.43701	0.0351836
2.44824	0.0434256
2.45947	0.0338587
2.4707	0.0350635
2.48193	0.0340485
2.49316	0.0321092
2.50439	0.0282428
2.51562	0.0295905
2.52686	0.0325304
2.53809	0.0347613
2.54932	0.0321498
2.56055	0.0288635
2.57178	0.0263497
2.58301	0.0224869
2.59424	0.0200702
2.60547	0.0240457
2.6167	0.0188563
2.62793	0.0187747
2.63916	0.0233176
2.65039	0.0248886
2.66162	0.0253311
2.67285	0.0409305
2.68408	0.0496075
2.69531	0.0580529
2.70654	0.0543496
2.71777	0.054837
2.729	0.0440139
2.74023	0.0471441
2.75146	0.0392537
2.7627	0.0484269
2.77393	0.0459418
2.78516	0.0512504
2.79639	0.0526687
2.80762	0.0621383
2.81885	0.0566793
2.83008	0.071645
2.84131	0.0719218
2.85254	0.058673
2.86377	0.059281
2.875	0.0594442
2.88623	0.0728494
2.89746	0.0752532
2.90869	0.0929888
2.91992	0.0795146
2.93115	0.0773222
2.94238	0.0575168
2.95361	0.0567597
2.96484	0.0426921
2.97607	0.0414987
2.9873	0.0454731
2.99854	0.0472008
3.00977	0.0420458
3.021	0.0410284
3.03223	0.0449218
3.04346	0.0456963
3.05469	0.0320519
3.06592	0.0347547
3.07715	0.0329674
3.08838	0.0484559
3.09961	0.044107
3.11084	0.0723397
3.12207	0.0777373
3.1333	0.104211
3.14453	0.0916186
3.15576	0.0925856
3.16699	0.0744827
3.17822	0.0720223
3.18945	0.0508694
3.20068	0.0447203
3.21191	0.0500553
3.22314	0.0418328
3.23438	0.0305668
3.24561	0.0311182
3.25684	0.044112
3.26807	0.0493505
3.2793	0.0570081
3.29053	0.0744815
3.30176	0.0797017
3.31299	0.0711511
3.32422	0.0627829
3.33545	0.0660274
3.34668	0.0754087
3.35791	0.0757607
3.36914	0.0813127
3.38037	0.0830752
3.3916	0.0769154
3.40283	0.0682606
3.41406	0.0585465
3.42529	0.0568735
3.43652	0.0587545
3.44775	0.067839
3.45898	0.0653266
3.47021	0.0634947
3.48145	0.0731099
3.49268	0.0749861
3.50391	0.0635606
3.51514	0.0531193
3.52637	0.0669211
3.5376	0.0486437
3.54883	0.0695413
3.56006	0.0802336
3.57129	0.09474
3.58252	0.0866853
3.59375	0.101368
3.60498	0.0742697
3.61621	0.0633991
3.62744	0.0450592
3.63867	0.0461483
3.6499	0.0456698
3.66113	0.0492569
3.67236	0.0590366
3.68359	0.0670093
3.69482	0.0607425
3.70605	0.116639
3.71729	0.118398
3.72852	0.129138
3.73975	0.124762
3.75098	0.124297
3.76221	0.0619312
3.77344	0.064749
3.78467	0.0445213
3.7959	0.0441899
3.80713	0.0741359
3.81836	0.0895471
3.82959	0.0801795
3.84082	0.100103
3.85205	0.13293
3.86328	0.109676
3.87451	0.111715
3.88574	0.135552
3.89697	0.12564
3.9082	0.118173
3.91943	0.168023
3.93066	0.716688
3.94189	0.814961
3.95312	0.843884
3.96436	0.840145
3.97559	0.803889
3.98682	0.215648
3.99805	0.10681
4.00928	0.101308
4.02051	0.0914925
4.03174	0.0870376
4.04297	0.0940623
4.0542	0.0842446
4.06543	0.0731308
4.07666	0.0671804
4.08789	0.067013
4.09912	0.0702658
4.11035	0.0860538
4.12158	0.0871181
4.13281	0.0800546
4.14404	0.0873899
4.15527	0.0789372
4.1665	0.0655015
4.17773	0.0481278
4.18896	0.0515506
4.2002	0.0350263
4.21143	0.0434489
4.22266	0.0431919
4.23389	0.0439961
4.24512	0.0414533
4.25635	0.0583162
4.26758	0.0977964
4.27881	0.115478
4.29004	0.131958
4.30127	0.160445
4.3125	0.140867
4.32373	0.0988136
4.33496	0.0904036
4.34619	0.0706606
4.35742	0.0437092
4.36865	0.0453669
4.37988	0.0465815
4.39111	0.0505087
4.40234	0.065092
4.41357	0.0850642
4.4248	0.093468
4.43604	0.105603
4.44727	0.100137
4.4585	0.1067
4.46973	0.088882
4.48096	0.097946
4.49219	0.0929011
4.50342	0.0928125
4.51465	0.098465
4.52588	0.106549
4.53711	0.11748
4.54834	0.14786
4.55957	0.148488
4.5708	0.137884
4.58203	0.129672
4.59326	0.106571
4.60449	0.0648069
4.61572	0.0578486
4.62695	0.0564765
4.63818	0.0597344
4.64941	0.0602984
4.66064	0.0623117
4.67188	0.0740619
4.68311	0.059449
4.69434	0.0604426
4.70557	0.0749641
4.7168	0.118235
4.72803	0.12306
4.73926	0.131124
4.75049	0.139324
4.76172	0.116093
4.77295	0.0665289
4.78418	0.0541966
4.79541	0.0459886
4.80664	0.055961
4.81787	0.0644568
4.8291	0.0843507
4.84033	0.0855674
4.85156	0.0967835
4.86279	0.111445
4.87402	0.139746
4.88525	0.130731
4.89648	0.135641
4.90771	0.133742
4.91895	0.109266
4.93018	0.109219
4.94141	0.106086
4.95264	0.105468
4.96387	0.112298
4.9751	0.100083
4.98633	0.100914
4.99756	0.125518
5.00879	0.120777
5.02002	0.139158
5.03125	0.156114
5.04248	0.128974
5.05371	0.108048
5.06494	0.118492
5.07617	0.121089
5.0874	0.143863
5.09863	0.15386
5.10986	0.155502
5.12109	0.156067
5.13232	0.140715
5.14355	0.0987836
5.15479	0.0850777
5.16602	0.087542
5.17725	0.106245
5.18848	0.106489
5.19971	0.122334
5.21094	0.127689
5.22217	0.125885
5.2334	0.11086
5.24463	0.110549
5.25586	0.111116
5.26709	0.120619
5.27832	0.134379
5.28955	0.129539
5.30078	0.163957
5.31201	0.15962
5.32324	0.146343
5.33447	0.120877
5.3457	0.124337
5.35693	0.081124
5.36816	0.100137
5.37939	0.110159
5.39062	0.123234
5.40186	0.114428
5.41309	0.108369
5.42432	0.0884261
5.43555	0.0955429
5.44678	0.0933974
5.45801	0.100554
5.46924	0.163232
5.48047	0.191057
5.4917	0.218923
5.50293	0.220264
5.51416	0.211455
5.52539	0.156419
5.53662	0.157743
5.54785	0.123011
5.55908	0.15497
5.57031	0.150906
5.58154	0.139036
5.59277	0.109633
5.604	0.0975003
5.61523	0.0666512
5.62646	0.0642579
5.6377	0.116678
5.64893	0.116119
5.66016	0.120465
5.67139	0.147346
5.68262	0.148986
5.69385	0.0984381
5.70508	0.0986124
5.71631	0.0844218
5.72754	0.036123
