0	0
0.0112305	0.000288768
0.0224609	0.00101927
0.0336914	0.00138163
0.0449219	0.00196699
0.0561523	0.00302851
0.0673828	0.00503878
0.0786133	0.00756408
0.0898438	0.0107778
0.101074	0.0130979
0.112305	0.0166216
0.123535	0.0173676
0.134766	0.0151098
0.145996	0.0155065
0.157227	0.0176942
0.168457	0.0125672
0.179688	0.0118633
0.190918	0.0103031
0.202148	0.0108803
0.213379	0.00632274
0.224609	0.00714494
0.23584	0.0065592
0.24707	0.0111982
0.258301	0.0112039
0.269531	0.0112307
0.280762	0.0127549
0.291992	0.0129989
0.303223	0.00793126
0.314453	0.00811788
0.325684	0.00708543
0.336914	0.00476803
0.348145	0.00696331
0.359375	0.00799248
0.370605	0.00577531
0.381836	0.00866339
0.393066	0.0114651
0.404297	0.00858828
0.415527	0.00893377
0.426758	0.0106436
0.437988	0.00774561
0.449219	0.00582783
0.460449	0.00637442
0.47168	0.00504005
0.48291	0.00445756
0.494141	0.00475375
0.505371	0.00488232
0.516602	0.00575574
0.527832	0.00841361
0.539062	0.00840391
0.550293	0.011273
0.561523	0.010709
0.572754	0.0109607
0.583984	0.00860056
0.595215	0.00900376
0.606445	0.0056036
0.617676	0.00564298
0.628906	0.00364032
0.640137	0.00404204
0.651367	0.00333912
0.662598	0.00450319
0.673828	0.00438515
0.685059	0.00533965
0.696289	0.00461914
0.70752	0.00490236
0.71875	0.00361775
0.72998	0.00450267
0.741211	0.00406397
0.752441	0.00496114
0.763672	0.0053309
0.774902	0.00625296
0.786133	0.00481495
0.797363	0.00456975
0.808594	0.00465355
0.819824	0.00428691
0.831055	0.00318041
0.842285	0.00302112
0.853516	0.00285446
0.864746	0.00276951
0.875977	0.00266723
0.887207	0.00284365
0.898438	0.00382861
0.909668	0.0041648
0.920898	0.00357694
0.932129	0.00412523
0.943359	0.00405551
0.95459	0.00326778
0.96582	0.00300489
0.977051	0.00377122
0.988281	0.00302256
0.999512	0.00428612
1.01074	0.00420229
1.02197	0.00601482
1.0332	0.00526248
1.04443	0.0100017
1.05566	0.0112262
1.06689	0.011446
1.07812	0.00981547
1.08936	0.0100682
1.10059	0.00711505
1.11182	0.00491163
1.12305	0.00534869
1.13428	0.00592423
1.14551	0.00572361
1.15674	0.00369524
1.16797	0.00380131
1.1792	0.005523
1.19043	0.00517722
1.20166	0.00514192
1.21289	0.00599399
1.22412	0.0058761
1.23535	0.00348117
1.24658	0.00340946
1.25781	0.00391965
1.26904	0.00330565
1.28027	0.00987304
1.2915	0.010765
1.30273	0.0138946
1.31396	0.0160192
1.3252	0.016077
1.33643	0.0093589
1.34766	0.0102476
1.35889	0.00719052
1.37012	0.00493976
1.38135	0.00597403
1.39258	0.0103943
1.40381	0.00880321
1.41504	0.00887457
1.42627	0.00840232
1.4375	0.0091902
1.44873	0.0092671
1.45996	0.0127933
1.47119	0.014185
1.48242	0.0154036
1.49365	0.0144886
1.50488	0.0101486
1.51611	0.0125903
1.52734	0.0123643
1.53857	0.0117413
1.5498	0.0136309
1.56104	0.0186534
1.57227	0.0131207
1.5835	0.0143891
1.59473	0.0181258
1.60596	0.0173308
1.61719	0.0173988
1.62842	0.0210318
1.63965	0.0211903
1.65088	0.0194316
1.66211	0.0239867
1.67334	0.019531
1.68457	0.0161038
1.6958	0.0161999
1.70703	0.0200958
1.71826	0.0146147
1.72949	0.0141172
1.74072	0.0144879
1.75195	0.0126223
1.76318	0.00873687
1.77441	0.00943587
1.78564	0.0099173
1.79688	0.0150103
1.80811	0.0197341
1.81934	0.0205969
1.83057	0.021643
1.8418	0.0212896
1.85303	0.0203467
1.86426	0.0177055
1.87549	0.020938
1.88672	0.0209533
1.89795	0.0202739
1.90918	0.0176188
1.92041	0.0166853
1.93164	0.0121654
1.94287	0.0156473
1.9541	0.0179829
1.96533	0.0194227
1.97656	0.0258213
1.98779	0.0233942
1.99902	0.0222099
2.01025	0.0261525
2.02148	0.0245474
2.03271	0.0203521
2.04395	0.0244788
2.05518	0.0211397
2.06641	0.0179969
2.07764	0.0171078
2.08887	0.0279296
2.1001	0.0257731
2.11133	0.0291106
2.12256	0.0288904
2.13379	0.0306757
2.14502	0.017812
2.15625	0.023133
2.16748	0.0192423
2.17871	0.0187892
2.18994	0.0200183
2.20117	0.0207569
2.2124	0.0160814
2.22363	0.0212139
2.23486	0.0208209
2.24609	0.018262
2.25732	0.0286525
2.26855	0.0276019
2.27979	0.0238044
2.29102	0.0273724
2.30225	0.0312531
2.31348	0.0205342
2.32471	0.0255698
2.33594	0.0270595
2.34717	0.0243589
2.3584	0.0200393
2.36963	0.0212833
2.38086	0.0211242
2.39209	0.0243746
2.40332	0.0301362
2.41455	0.0416365
2.42578	0.0385416
2.43701	0.0374427
2.44824	0.0331847
2.45947	0.0262956
2.4707	0.0151413
2.48193	0.0177524
2.49316	0.0219171
2.50439	0.0228539
2.51562	0.028285
2.52686	0.0330115
2.53809	0.0309478
2.54932	0.0264056
2.56055	0.0276369
2.57178	0.0233035
2.58301	0.0196617
2.59424	0.0210785
2.60547	0.0240818
2.6167	0.0245007
2.62793	0.030712
2.63916	0.0364174
2.65039	0.0334259
2.66162	0.0345444
2.67285	0.0389013
2.68408	0.041714
2.69531	0.0335019
2.70654	0.0385813
2.71777	0.0311255
2.729	0.0300104
2.74023	0.0237691
2.75146	0.0275417
2.7627	0.0239157
2.77393	0.0473217
2.78516	0.0450224
2.79639	0.049346
2.80762	0.0565259
2.81885	0.0662787
2.83008	0.0484912
2.84131	0.0549676
2.85254	0.0520479
2.86377	0.0540725
2.875	0.0505476
2.88623	0.0548237
2.89746	0.0472601
2.90869	0.0417361
2.91992	0.0301457
2.93115	0.0242799
2.94238	0.0225752
2.95361	0.0324553
2.96484	0.0337172
2.97607	0.0338353
2.9873	0.0338927
2.99854	0.0310311
3.00977	0.0211497
3.021	0.025985
3.03223	0.0349341
3.04346	0.0469097
3.05469	0.0447069
3.06592	0.0490274
3.07715	0.0504198
3.08838	0.0576148
3.09961	0.0512041
3.11084	0.0581283
3.12207	0.0664144
3.1333	0.0639593
3.14453	0.0468114
3.15576	0.0437513
3.16699	0.036111
3.17822	0.0269729
3.18945	0.0322372
3.20068	0.0399328
3.21191	0.0444785
3.22314	0.0490081
3.23438	0.0474555
3.24561	0.0539973
3.25684	0.0501908
3.26807	0.0439883
3.2793	0.0400596
3.29053	0.0429215
3.30176	0.033436
3.31299	0.0365213
3.32422	0.0370544
3.33545	0.0411288
3.34668	0.0521134
3.35791	0.0486468
3.36914	0.0464523
3.38037	0.0662857
3.3916	0.0642084
3.40283	0.0587481
3.41406	0.0702037
3.42529	0.0764403
3.43652	0.0638733
3.44775	0.0629042
3.45898	0.0646875
3.47021	0.0486897
3.48145	0.0456025
3.49268	0.0456273
3.50391	0.0474256
3.51514	0.035251
3.52637	0.0356948
3.5376	0.0323511
3.54883	0.0321562
3.56006	0.0398885
3.57129	0.0376664
3.58252	0.047419
3.59375	0.0455128
3.60498	0.0425346
3.61621	0.0389031
3.62744	0.0662253
3.63867	0.0663403
3.6499	0.0669375
3.66113	0.0748458
3.67236	0.0702637
3.68359	0.0475692
3.69482	0.0441725
3.70605	0.0465281
3.71729	0.0352349
3.72852	0.0311042
3.73975	0.0323195
3.75098	0.0410715
3.76221	0.0371347
3.77344	0.0478971
3.78467	0.0581561
3.7959	0.0679855
3.80713	0.0562028
3.81836	0.0670579
3.82959	0.0590372
3.84082	0.0542288
3.85205	0.0422075
3.86328	0.0597039
3.87451	0.0540824
3.88574	0.0600831
3.89697	0.0583097
3.9082	0.0569799
3.91943	0.0416605
3.93066	0.0540061
3.94189	0.0912951
3.95312	0.239426
3.96436	0.830326
3.97559	1.09939
3.98682	1.10315
3.99805	1.10759
4.00928	0.973165
4.02051	0.377372
4.03174	0.151409
4.04297	0.162965
4.0542	0.123293
4.06543	0.116588
4.07666	0.122006
4.08789	0.0918615
4.09912	0.0882492
4.11035	0.0825515
4.12158	0.10251
4.13281	0.121662
4.14404	0.112941
4.15527	0.0994569
4.1665	0.118021
4.17773	0.103857
4.18896	0.0869339
4.2002	0.099111
4.21143	0.104366
4.22266	0.114237
4.23389	0.117558
4.24512	0.10901
4.25635	0.142524
4.26758	0.144495
4.27881	0.128549
4.29004	0.112596
4.30127	0.110714
4.3125	0.058351
4.32373	0.0637758
4.33496	0.0554445
4.34619	0.0650059
4.35742	0.0632835
4.36865	0.0662195
4.37988	0.0499241
4.39111	0.0839875
4.40234	0.0827446
4.41357	0.0860511
4.4248	0.0956104
4.43604	0.110504
4.44727	0.0739415
4.4585	0.0781572
4.46973	0.0871646
4.48096	0.110466
4.49219	0.0969526
4.50342	0.111871
4.51465	0.114823
4.52588	0.106726
4.53711	0.0655577
4.54834	0.0986936
4.55957	0.11612
4.5708	0.135753
4.58203	0.140768
4.59326	0.19595
4.60449	0.195218
4.61572	0.225205
4.62695	0.19022
4.63818	0.189702
4.64941	0.163707
4.66064	0.129735
4.67188	0.0841309
4.68311	0.108232
4.69434	0.0985271
4.70557	0.105908
4.7168	0.15358
4.72803	0.185357
4.73926	0.200524
4.75049	0.204749
4.76172	0.258183
4.77295	0.220785
4.78418	0.179576
4.79541	0.147018
4.80664	0.149314
4.81787	0.0600359
4.8291	0.0584666
4.84033	0.0500958
4.85156	0.0523956
4.86279	0.0597382
4.87402	0.0696247
4.88525	0.0582288
4.89648	0.0656296
4.90771	0.0663318
4.91895	0.058619
4.93018	0.0610977
4.94141	0.0652667
4.95264	0.057346
4.96387	0.0791155
4.9751	0.0905722
4.98633	0.0988062
4.99756	0.121022
5.00879	0.123011
5.02002	0.102198
5.03125	0.103856
5.04248	0.106586
5.05371	0.102995
5.06494	0.126462
5.07617	0.117564
5.0874	0.106572
5.09863	0.088987
5.10986	0.0897083
5.12109	0.0730036
5.13232	0.0908266
5.14355	0.0859888
5.15479	0.0803121
5.16602	0.0691428
5.17725	0.0926677
5.18848	0.0828518
5.19971	0.10139
5.21094	0.124002
5.22217	0.147457
5.2334	0.119283
5.24463	0.124036
5.25586	0.104618
5.26709	0.0980993
5.27832	0.0650665
5.28955	0.0933456
5.30078	0.0949848
5.31201	0.111335
5.32324	0.117798
5.33447	0.127678
5.3457	0.0973094
5.35693	0.0830609
5.36816	0.0691686
5.37939	0.0546401
5.39062	0.0645073
5.40186	0.0770724
5.41309	0.0916954
5.42432	0.145122
5.43555	0.158253
5.44678	0.155789
5.45801	0.178721
5.46924	0.182758
5.48047	0.12893
5.4917	0.107334
5.50293	0.139505
5.51416	0.10874
5.52539	0.122188
5.53662	0.127896
5.54785	0.191418
5.55908	0.138865
5.57031	0.18994
5.58154	0.173712
5.59277	0.186069
5.604	0.134658
5.61523	0.200051
5.62646	0.179972
5.6377	0.210053
5.64893	0.20362
5.66016	0.237379
5.67139	0.174654
5.68262	0.158596
5.69385	0.116581
5.70508	0.135387
5.71631	0.0867005
5.72754	0.0742549
