0	0
0.0112305	2.5471e-05
0.0224609	0.000193481
0.0336914	0.000406643
0.0449219	0.000801533
0.0561523	0.00108997
0.0673828	0.0018432
0.0786133	0.00141546
0.0898438	0.0022579
0.101074	0.00295252
0.112305	0.00365358
0.123535	0.00338131
0.134766	0.00318214
0.145996	0.00333058
0.157227	0.00265577
0.168457	0.00323222
0.179688	0.00337125
0.190918	0.00425209
0.202148	0.00389142
0.213379	0.0046518
0.224609	0.00435011
0.23584	0.00390698
0.24707	0.00339504
0.258301	0.0022486
0.269531	0.00208995
0.280762	0.00252876
0.291992	0.00269673
0.303223	0.00345952
0.314453	0.0037489
0.325684	0.00331156
0.336914	0.00251651
0.348145	0.00341679
0.359375	0.00310649
0.370605	0.00358157
0.381836	0.00373398
0.393066	0.00390839
0.404297	0.00350154
0.415527	0.00341262
0.426758	0.0034087
0.437988	0.00328311
0.449219	0.00309876
0.460449	0.00253688
0.47168	0.0027088
0.48291	0.00231056
0.494141	0.0020777
0.505371	0.00317196
0.516602	0.00340067
0.527832	0.00290753
0.539062	0.00250568
0.550293	0.00270633
0.561523	0.00204539
0.572754	0.00164831
0.583984	0.00196905
0.595215	0.00264805
0.606445	0.0026379
0.617676	0.00368719
0.628906	0.00396593
0.640137	0.00424123
0.651367	0.00389831
0.662598	0.00400802
0.673828	0.00362565
0.685059	0.00428769
0.696289	0.00380308
0.70752	0.00389816
0.71875	0.00421974
0.72998	0.00316271
0.741211	0.00252664
0.752441	0.00372033
0.763672	0.00341743
0.774902	0.003098
0.786133	0.00326715
0.797363	0.0037019
0.808594	0.00253103
0.819824	0.00426055
0.831055	0.00509121
0.842285	0.00492193
0.853516	0.004632
0.864746	0.00583652
0.875977	0.00430131
0.887207	0.00437404
0.898438	0.00452749
0.909668	0.00483848
0.920898	0.0035039
0.932129	0.00413537
0.943359	0.00344219
0.95459	0.00322233
0.96582	0.00273456
0.977051	0.00318703
0.988281	0.00218984
0.999512	0.00193602
1.01074	0.00198886
1.02197	0.00246467
1.0332	0.00292412
1.04443	0.00316199
1.05566	0.00391477
1.06689	0.00403621
1.07812	0.00510802
1.08936	0.00519252
1.10059	0.00679651
1.11182	0.00651703
1.12305	0.00790197
1.13428	0.00713292
1.14551	0.00661326
1.15674	0.00568938
1.16797	0.00583801
1.1792	0.00626565
1.19043	0.00602084
1.20166	0.00813109
1.21289	0.0104995
1.22412	0.0134408
1.23535	0.0123812
1.24658	0.0139686
1.25781	0.0127609
1.26904	0.0102067
1.28027	0.00895201
1.2915	0.00959596
1.30273	0.00775981
1.31396	0.0090439
1.3252	0.0102102
1.33643	0.0142872
1.34766	0.0163577
1.35889	0.018174
1.37012	0.0169537
1.38135	0.015929
1.39258	0.0103955
1.40381	0.00688244
1.41504	0.00772888
1.42627	0.00751887
1.4375	0.00821833
1.44873	0.00792773
1.45996	0.0129501
1.47119	0.0103688
1.48242	0.0095798
1.49365	0.00838895
1.50488	0.00778673
1.51611	0.00341024
1.52734	0.00453057
1.53857	0.00601734
1.5498	0.00623405
1.56104	0.014942
1.57227	0.0153347
1.5835	0.0167539
1.59473	0.0181454
1.60596	0.0187005
1.61719	0.0113546
1.62842	0.0123932
1.63965	0.0145815
1.65088	0.0120511
1.66211	0.0134651
1.67334	0.011781
1.68457	0.0123119
1.6958	0.00815214
1.70703	0.00931593
1.71826	0.0103705
1.72949	0.0128092
1.74072	0.0116823
1.75195	0.0153659
1.76318	0.015196
1.77441	0.0133708
1.78564	0.0115354
1.79688	0.0105982
1.80811	0.00822641
1.81934	0.00752828
1.83057	0.00786656
1.8418	0.00914759
1.85303	0.0129608
1.86426	0.0115129
1.87549	0.0123634
1.88672	0.0173907
1.89795	0.0167862
1.90918	0.0138007
1.92041	0.0199859
1.93164	0.0207451
1.94287	0.0152059
1.9541	0.0278214
1.96533	0.0303147
1.97656	0.0241067
1.98779	0.0237647
1.99902	0.0236769
2.01025	0.00956311
2.02148	0.00683291
2.03271	0.00769667
2.04395	0.011808
2.05518	0.0139035
2.06641	0.0155272
2.07764	0.0178063
2.08887	0.0167087
2.1001	0.011234
2.11133	0.0113433
2.12256	0.0187705
2.13379	0.0170788
2.14502	0.0179105
2.15625	0.0266988
2.16748	0.024336
2.17871	0.0218761
2.18994	0.0211932
2.20117	0.0225369
2.2124	0.0146386
2.22363	0.0161499
2.23486	0.0103209
2.24609	0.012934
2.25732	0.0148732
2.26855	0.0239391
2.27979	0.0244416
2.29102	0.0262116
2.30225	0.0292009
2.31348	0.0295243
2.32471	0.0222473
2.33594	0.0297777
2.34717	0.0311031
2.3584	0.0287576
2.36963	0.029309
2.38086	0.0333963
2.39209	0.0234821
2.40332	0.0223859
2.41455	0.0249315
2.42578	0.0201285
2.43701	0.0145972
2.44824	0.0157244
2.45947	0.0218859
2.4707	0.017104
2.48193	0.0226805
2.49316	0.0292647
2.50439	0.0340797
2.51562	0.0281769
2.52686	0.0388677
2.53809	0.0461661
2.54932	0.042374
2.56055	0.0473623
2.57178	0.0498696
2.58301	0.0371413
2.59424	0.031113
2.60547	0.0462703
2.6167	0.0460588
2.62793	0.0438532
2.63916	0.0562938
2.65039	0.0534439
2.66162	0.0437106
2.67285	0.0385662
2.68408	0.0400177
2.69531	0.0366946
2.70654	0.0372995
2.71777	0.0329236
2.729	0.0296208
2.74023	0.0307591
2.75146	0.0354062
2.7627	0.0367048
2.77393	0.0364533
2.78516	0.0470809
2.79639	0.0440841
2.80762	0.0401483
2.81885	0.0399673
2.83008	0.0349518
2.84131	0.0421001
2.85254	0.0415928
2.86377	0.0356604
2.875	0.0370005
2.88623	0.0386769
2.89746	0.0234627
2.90869	0.0265969
2.91992	0.0349937
2.93115	0.0331062
2.94238	0.0328298
2.95361	0.0412532
2.96484	0.0499243
2.97607	0.0495545
2.9873	0.0486619
2.99854	0.0512019
3.00977	0.0519942
3.021	0.0492726
3.03223	0.0543453
3.04346	0.0536417
3.05469	0.0595586
3.06592	0.0451181
3.07715	0.0632209
3.08838	0.0592244
3.09961	0.0636219
3.11084	0.0602084
3.12207	0.0703239
3.1333	0.0492845
3.14453	0.0403728
3.15576	0.0375149
3.16699	0.0517976
3.17822	0.0469977
3.18945	0.0459096
3.20068	0.0450427
3.21191	0.0497084
3.22314	0.0323106
3.23438	0.0319791
3.24561	0.0336992
3.25684	0.0359601
3.26807	0.0338212
3.2793	0.0383719
3.29053	0.0541562
3.30176	0.0512971
3.31299	0.0499401
3.32422	0.0632471
3.33545	0.0665055
3.34668	0.0591253
3.35791	0.0597317
3.36914	0.0667691
3.38037	0.0628693
3.3916	0.0687684
3.40283	0.0623604
3.41406	0.0606174
3.42529	0.0602527
3.43652	0.0498075
3.44775	0.0463552
3.45898	0.0462652
3.47021	0.0655717
3.48145	0.062795
3.49268	0.0639577
3.50391	0.0619832
3.51514	0.0720616
3.52637	0.0725318
3.5376	0.0894398
3.54883	0.0868205
3.56006	0.0980976
3.57129	0.106452
3.58252	0.104408
3.59375	0.0837157
3.60498	0.0951745
3.61621	0.0835384
3.62744	0.0693127
3.63867	0.0475413
3.6499	0.0471901
3.66113	0.043667
3.67236	0.0487871
3.68359	0.0504317
3.69482	0.0670253
3.70605	0.0703808
3.71729	0.0723068
3.72852	0.0684032
3.73975	0.0635215
3.75098	0.0534908
3.76221	0.0596354
3.77344	0.0470847
3.78467	0.0363285
3.7959	0.0297581
3.80713	0.0327672
3.81836	0.0309675
3.82959	0.0401926
3.84082	0.043221
3.85205	0.0527485
3.86328	0.0815538
3.87451	0.109764
3.88574	0.119035
3.89697	0.135338
3.9082	0.164843
3.91943	0.417673
3.93066	0.710375
3.94189	1.01941
3.95312	1.05764
3.96436	1.04465
3.97559	0.775006
3.98682	0.449853
3.99805	0.125878
4.00928	0.079352
4.02051	0.0803861
4.03174	0.0770047
4.04297	0.0701294
4.0542	0.0878193
4.06543	0.0991389
4.07666	0.0755284
4.08789	0.106535
4.09912	0.118707
4.11035	0.105356
4.12158	0.0993879
4.13281	0.130011
4.14404	0.0799237
4.15527	0.0661913
4.1665	0.065485
4.17773	0.0855835
4.18896	0.0736019
4.2002	0.0742552
4.21143	0.0779288
4.22266	0.0987713
4.23389	0.0998798
4.24512	0.085628
4.25635	0.0877477
4.26758	0.0952335
4.27881	0.0742512
4.29004	0.050203
4.30127	0.0546786
4.3125	0.0660587
4.32373	0.076413
4.33496	0.0957821
4.34619	0.0983456
4.35742	0.0979301
4.36865	0.098746
4.37988	0.0991337
4.39111	0.10001
4.40234	0.0954044
4.41357	0.0898776
4.4248	0.10742
4.43604	0.114019
4.44727	0.113761
4.4585	0.11411
4.46973	0.131729
4.48096	0.0988172
4.49219	0.144555
4.50342	0.126774
4.51465	0.126291
4.52588	0.114734
4.53711	0.139429
4.54834	0.0967897
4.55957	0.1098
4.5708	0.114442
4.58203	0.11379
4.59326	0.101531
4.60449	0.096851
4.61572	0.104983
4.62695	0.124967
4.63818	0.132086
4.64941	0.126803
4.66064	0.120051
4.67188	0.110729
4.68311	0.0863035
4.69434	0.0764642
4.70557	0.0873862
4.7168	0.0856398
4.72803	0.0785359
4.73926	0.0928928
4.75049	0.0976426
4.76172	0.0901479
4.77295	0.0850557
4.78418	0.0733818
4.79541	0.0569001
4.80664	0.0680991
4.81787	0.0897527
4.8291	0.0837572
4.84033	0.108879
4.85156	0.118612
4.86279	0.127818
4.87402	0.1337
4.88525	0.131766
4.89648	0.132294
4.90771	0.126164
4.91895	0.113097
4.93018	0.0809472
4.94141	0.0769533
4.95264	0.0497392
4.96387	0.0575449
4.9751	0.0427818
4.98633	0.0512803
4.99756	0.0723463
5.00879	0.0981449
5.02002	0.0917541
5.03125	0.122197
5.04248	0.115185
5.05371	0.105721
5.06494	0.101999
5.07617	0.118885
5.0874	0.107233
5.09863	0.124213
5.10986	0.131833
5.12109	0.127312
5.13232	0.107298
5.14355	0.103583
5.15479	0.0979853
5.16602	0.0926829
5.17725	0.0905913
5.18848	0.118134
5.19971	0.125533
5.21094	0.112942
5.22217	0.159625
5.2334	0.179413
5.24463	0.176292
5.25586	0.162443
5.26709	0.238462
5.27832	0.203292
5.28955	0.190909
5.30078	0.201485
5.31201	0.206466
5.32324	0.151551
5.33447	0.155941
5.3457	0.151382
5.35693	0.140139
5.36816	0.159537
5.37939	0.159831
5.39062	0.160085
5.40186	0.153964
5.41309	0.156506
5.42432	0.168187
5.43555	0.182574
5.44678	0.161821
5.45801	0.183262
5.46924	0.162596
5.48047	0.151383
5.4917	0.129884
5.50293	0.138173
5.51416	0.124283
5.52539	0.123003
5.53662	0.136893
5.54785	0.149354
5.55908	0.175035
5.57031	0.27216
5.58154	0.341759
5.59277	0.341094
5.604	0.361411
5.61523	0.381717
5.62646	0.277846
5.6377	0.205533
5.64893	0.181026
5.66016	0.145609
5.67139	0.0922367
5.68262	0.0756806
5.69385	0.0877907
5.70508	0.0692578
5.71631	0.0482672
5.72754	0.0314797
