0	0
0.0112305	0.000253956
0.0224609	0.000948992
0.0336914	0.00181492
0.0449219	0.00298581
0.0561523	0.00411255
0.0673828	0.00491435
0.0786133	0.00609784
0.0898438	0.00906395
0.101074	0.00543846
0.112305	0.00594321
0.123535	0.00510587
0.134766	0.00533351
0.145996	0.00339022
0.157227	0.004475
0.168457	0.00539127
0.179688	0.0049708
0.190918	0.00424432
0.202148	0.00389404
0.213379	0.00360815
0.224609	0.00614879
0.23584	0.0062169
0.24707	0.00690541
0.258301	0.00854409
0.269531	0.00975658
0.280762	0.00602858
0.291992	0.00739985
0.303223	0.00730309
0.314453	0.00659481
0.325684	0.00634909
0.336914	0.0111399
0.348145	0.0115706
0.359375	0.014094
0.370605	0.0144413
0.381836	0.0137613
0.393066	0.00857943
0.404297	0.0062462
0.415527	0.00564289
0.426758	0.00552486
0.437988	0.00691064
0.449219	0.00675246
0.460449	0.00721401
0.47168	0.00541815
0.48291	0.00456336
0.494141	0.00414542
0.505371	0.00322262
0.516602	0.00378636
0.527832	0.00530421
0.539062	0.00601867
0.550293	0.00502189
0.561523	0.00499345
0.572754	0.0045712
0.583984	0.00357456
0.595215	0.00355485
0.606445	0.00345915
0.617676	0.00424536
0.628906	0.00509226
0.640137	0.00583959
0.651367	0.0050583
0.662598	0.00497304
0.673828	0.00536225
0.685059	0.00395921
0.696289	0.00469865
0.70752	0.00522297
0.71875	0.00523915
0.72998	0.00520682
0.741211	0.00583815
0.752441	0.00355288
0.763672	0.00307953
0.774902	0.00346334
0.786133	0.00271444
0.797363	0.00255112
0.808594	0.0027164
0.819824	0.00322947
0.831055	0.00295002
0.842285	0.00260365
0.853516	0.00295704
0.864746	0.00301427
0.875977	0.00244119
0.887207	0.00240252
0.898438	0.00243411
0.909668	0.0027294
0.920898	0.0024154
0.932129	0.00316339
0.943359	0.00555747
0.95459	0.00583732
0.96582	0.00724364
0.977051	0.00719905
0.988281	0.00665363
0.999512	0.00427347
1.01074	0.00415442
1.02197	0.00319974
1.0332	0.00398914
1.04443	0.00397004
1.05566	0.00565122
1.06689	0.00610242
1.07812	0.00541243
1.08936	0.00540645
1.10059	0.00563899
1.11182	0.00398176
1.12305	0.00354646
1.13428	0.00319728
1.14551	0.00383028
1.15674	0.00351574
1.16797	0.00524569
1.1792	0.00771622
1.19043	0.00884374
1.20166	0.00785905
1.21289	0.00948802
1.22412	0.00763633
1.23535	0.00486335
1.24658	0.00399138
1.25781	0.00440954
1.26904	0.00545077
1.28027	0.00620688
1.2915	0.00733422
1.30273	0.00929665
1.31396	0.0108082
1.3252	0.0105888
1.33643	0.0110564
1.34766	0.0119761
1.35889	0.0116601
1.37012	0.0102822
1.38135	0.0114895
1.39258	0.0111735
1.40381	0.0105664
1.41504	0.0114371
1.42627	0.0140085
1.4375	0.0104264
1.44873	0.0152604
1.45996	0.0169974
1.47119	0.014426
1.48242	0.014145
1.49365	0.0147562
1.50488	0.00927049
1.51611	0.00814057
1.52734	0.00942661
1.53857	0.00818941
1.5498	0.0103706
1.56104	0.0118766
1.57227	0.0123433
1.5835	0.0112832
1.59473	0.0110102
1.60596	0.00987869
1.61719	0.0153556
1.62842	0.0153846
1.63965	0.0157302
1.65088	0.0155097
1.66211	0.0165431
1.67334	0.0116552
1.68457	0.0103969
1.6958	0.00963309
1.70703	0.00902426
1.71826	0.00771813
1.72949	0.00670222
1.74072	0.0134299
1.75195	0.014925
1.76318	0.0166135
1.77441	0.0166527
1.78564	0.0161012
1.79688	0.00843281
1.80811	0.00995616
1.81934	0.010858
1.83057	0.0118566
1.8418	0.0157461
1.85303	0.0188635
1.86426	0.0169837
1.87549	0.0143829
1.88672	0.0134045
1.89795	0.0128321
1.90918	0.0115336
1.92041	0.0105996
1.93164	0.0118838
1.94287	0.0124573
1.9541	0.00990145
1.96533	0.011007
1.97656	0.0132703
1.98779	0.0168395
1.99902	0.0186863
2.01025	0.0197255
2.02148	0.0172567
2.03271	0.0214643
2.04395	0.017842
2.05518	0.0186846
2.06641	0.0164176
2.07764	0.0202421
2.08887	0.0137454
2.1001	0.0156479
2.11133	0.0127158
2.12256	0.0160131
2.13379	0.0160194
2.14502	0.0186597
2.15625	0.017748
2.16748	0.0185682
2.17871	0.0169416
2.18994	0.0122254
2.20117	0.0114063
2.2124	0.0106976
2.22363	0.0103792
2.23486	0.0110201
2.24609	0.0141725
2.25732	0.0130152
2.26855	0.014721
2.27979	0.0147362
2.29102	0.0126736
2.30225	0.0133206
2.31348	0.0192663
2.32471	0.0191609
2.33594	0.0250031
2.34717	0.0261658
2.3584	0.0256155
2.36963	0.0215851
2.38086	0.0253146
2.39209	0.0224098
2.40332	0.0283153
2.41455	0.0298685
2.42578	0.0308053
2.43701	0.0301612
2.44824	0.027677
2.45947	0.0244653
2.4707	0.0264757
2.48193	0.0294567
2.49316	0.0232381
2.50439	0.0276517
2.51562	0.0415414
2.52686	0.0368799
2.53809	0.0523643
2.54932	0.0587503
2.56055	0.0589682
2.57178	0.042715
2.58301	0.0456166
2.59424	0.0358508
2.60547	0.0447758
2.6167	0.0470069
2.62793	0.0506826
2.63916	0.0490297
2.65039	0.0364548
2.66162	0.0417488
2.67285	0.0337697
2.68408	0.0331479
2.69531	0.0385879
2.70654	0.045812
2.71777	0.0298223
2.729	0.0338794
2.74023	0.0351962
2.75146	0.0292735
2.7627	0.0268367
2.77393	0.0241882
2.78516	0.0302012
2.79639	0.0308987
2.80762	0.0358855
2.81885	0.0397257
2.83008	0.0469467
2.84131	0.0388331
2.85254	0.037842
2.86377	0.0468448
2.875	0.040379
2.88623	0.0391983
2.89746	0.0490273
2.90869	0.0445305
2.91992	0.040667
2.93115	0.042553
2.94238	0.0413244
2.95361	0.0395933
2.96484	0.0511228
2.97607	0.0460318
2.9873	0.0524085
2.99854	0.0607286
3.00977	0.053422
3.021	0.0523591
3.03223	0.0491455
3.04346	0.0526853
3.05469	0.0453914
3.06592	0.0438934
3.07715	0.0398257
3.08838	0.0453086
3.09961	0.0374482
3.11084	0.0396356
3.12207	0.0413084
3.1333	0.044861
3.14453	0.0419917
3.15576	0.04342
3.16699	0.0405639
3.17822	0.0421441
3.18945	0.0378891
3.20068	0.0434736
3.21191	0.0403236
3.22314	0.0407627
3.23438	0.0471608
3.24561	0.0590867
3.25684	0.056678
3.26807	0.0574066
3.2793	0.0544931
3.29053	0.0464816
3.30176	0.0363361
3.31299	0.0416801
3.32422	0.0467191
3.33545	0.0517506
3.34668	0.0551333
3.35791	0.0607541
3.36914	0.0561439
3.38037	0.0555838
3.3916	0.0468412
3.40283	0.0592755
3.41406	0.0541197
3.42529	0.0545445
3.43652	0.0508627
3.44775	0.0520944
3.45898	0.0350072
3.47021	0.0329633
3.48145	0.0286605
3.49268	0.0446069
3.50391	0.0526526
3.51514	0.0554896
3.52637	0.0617545
3.5376	0.0652768
3.54883	0.058327
3.56006	0.0697962
3.57129	0.087967
3.58252	0.0795884
3.59375	0.0826814
3.60498	0.0739507
3.61621	0.0575859
3.62744	0.0496763
3.63867	0.0473583
3.6499	0.0816388
3.66113	0.081532
3.67236	0.0808636
3.68359	0.074412
3.69482	0.0773504
3.70605	0.0307969
3.71729	0.0357509
3.72852	0.0376354
3.73975	0.0382671
3.75098	0.0368365
3.76221	0.0440137
3.77344	0.0607922
3.78467	0.0756116
3.7959	0.075718
3.80713	0.0830553
3.81836	0.0846008
3.82959	0.0668671
3.84082	0.0561533
3.85205	0.0666778
3.86328	0.0625107
3.87451	0.0562731
3.88574	0.0569208
3.89697	0.0623558
3.9082	0.0863519
3.91943	0.15611
3.93066	0.278888
3.94189	0.666822
3.95312	0.799219
3.96436	0.804575
3.97559	0.748359
3.98682	0.646645
3.99805	0.252078
4.00928	0.115462
4.02051	0.0815459
4.03174	0.0785642
4.04297	0.0528515
4.0542	0.0616976
4.06543	0.0547247
4.07666	0.0588754
4.08789	0.0633801
4.09912	0.0712026
4.11035	0.0596955
4.12158	0.064449
4.13281	0.061125
4.14404	0.054064
4.15527	0.0699559
4.1665	0.0768941
4.17773	0.0842287
4.18896	0.0811491
4.2002	0.103092
4.21143	0.0925382
4.22266	0.0917816
4.23389	0.108548
4.24512	0.109511
4.25635	0.0903817
4.26758	0.0930227
4.27881	0.0815418
4.29004	0.0561999
4.30127	0.0557271
4.3125	0.0515392
4.32373	0.0538911
4.33496	0.0530376
4.34619	0.068033
4.35742	0.068647
4.36865	0.0640148
4.37988	0.049767
4.39111	0.0556242
4.40234	0.0528866
4.41357	0.0801627
4.4248	0.0855512
4.43604	0.10427
4.44727	0.117961
4.4585	0.122781
4.46973	0.124772
4.48096	0.13088
4.49219	0.137613
4.50342	0.126285
4.51465	0.138197
4.52588	0.108709
4.53711	0.107513
4.54834	0.102041
4.55957	0.104463
4.5708	0.123284
4.58203	0.12967
4.59326	0.136288
4.60449	0.132208
4.61572	0.153585
4.62695	0.10537
4.63818	0.0940273
4.64941	0.0928501
4.66064	0.0999124
4.67188	0.071842
4.68311	0.0758632
4.69434	0.0812484
4.70557	0.0763482
4.7168	0.0732407
4.72803	0.0843107
4.73926	0.130498
4.75049	0.130915
4.76172	0.157208
4.77295	0.163142
4.78418	0.158577
4.79541	0.112329
4.80664	0.183518
4.81787	0.15286
4.8291	0.131906
4.84033	0.139196
4.85156	0.145962
4.86279	0.112256
4.87402	0.114907
4.88525	0.22175
4.89648	0.243871
4.90771	0.293109
4.91895	0.255856
4.93018	0.265448
4.94141	0.167275
4.95264	0.150367
4.96387	0.118263
4.9751	0.111922
4.98633	0.0966601
4.99756	0.0940876
5.00879	0.0827755
5.02002	0.0467476
5.03125	0.0742413
5.04248	0.073047
5.05371	0.0603189
5.06494	0.0569737
5.07617	0.0830081
5.0874	0.077288
5.09863	0.0872983
5.10986	0.0889925
5.12109	0.0850572
5.13232	0.0591042
5.14355	0.0616766
5.15479	0.0595622
5.16602	0.118458
5.17725	0.1585
5.18848	0.171059
5.19971	0.172881
5.21094	0.17214
5.22217	0.119544
5.2334	0.0900816
5.24463	0.0813597
5.25586	0.0694244
5.26709	0.0893431
5.27832	0.0994231
5.28955	0.14135
5.30078	0.154942
5.31201	0.139767
5.32324	0.112947
5.33447	0.101492
5.3457	0.0775823
5.35693	0.0757622
5.36816	0.104158
5.37939	0.121791
5.39062	0.12253
5.40186	0.128278
5.41309	0.125979
5.42432	0.124593
5.43555	0.147591
5.44678	0.154546
5.45801	0.13747
5.46924	0.136501
5.48047	0.113931
5.4917	0.0997727
5.50293	0.107
5.51416	0.108707
5.52539	0.115453
5.53662	0.123307
5.54785	0.129378
5.55908	0.133857
5.57031	0.130283
5.58154	0.142914
5.59277	0.157588
5.604	0.158784
5.61523	0.137299
5.62646	0.141948
5.6377	0.145581
5.64893	0.168808
5.66016	0.146421
5.67139	0.192748
5.68262	0.176255
5.69385	0.14204
5.70508	0.124403
5.71631	0.106025
5.72754	0.0527298
