0.000000	6.3517331413e-02
0.011230	3.6337221963e-02
0.022461	3.3676027061e-02
0.033691	3.2337337465e-02
0.044922	1.8894053673e-02
0.056152	2.0088746693e-02
0.067383	1.4880971943e-02
0.078613	1.6449017985e-02
0.089844	1.2725752774e-02
0.101074	1.2321877971e-02
0.112305	8.4744054100e-03
0.123535	7.8537224434e-03
0.134766	4.3570039927e-03
0.145996	3.7245031608e-03
0.157227	4.9744536687e-03
0.168457	5.2312855354e-03
0.179688	5.9411639521e-03
0.190918	5.4281296002e-03
0.202148	6.6696953048e-03
0.213379	7.0690405193e-03
0.224609	7.8968871720e-03
0.235840	7.9569004890e-03
0.247070	9.0111468950e-03
0.258301	8.2935675622e-03
0.269531	9.1173877529e-03
0.280762	9.2415996780e-03
0.291992	8.3038643648e-03
0.303223	8.4068315906e-03
0.314453	8.3044333043e-03
0.325684	8.3700810185e-03
0.336914	6.9096943275e-03
0.348145	7.0144539960e-03
0.359375	5.7738204623e-03
0.370605	5.1941408139e-03
0.381836	3.0831506755e-03
0.393066	3.6210032158e-03
0.404297	3.7600638267e-03
0.415527	3.7404070843e-03
0.426758	4.2728905200e-03
0.437988	3.7534657050e-03
0.449219	3.4009019581e-03
0.460449	2.4776890453e-03
0.471680	2.6176251308e-03
0.482910	2.2279036493e-03
0.494141	3.0560691933e-03
0.505371	2.9422688184e-03
0.516602	3.3812190955e-03
0.527832	3.4240650853e-03
0.539062	3.7292380290e-03
0.550293	3.8698539687e-03
0.561523	3.8570177183e-03
0.572754	5.1035873461e-03
0.583984	6.7163680296e-03
0.595215	6.7120143375e-03
0.606445	6.1487675871e-03
0.617676	6.7307745917e-03
0.628906	5.0782644599e-03
0.640137	3.7466273983e-03
0.651367	3.7064522907e-03
0.662598	4.6089941220e-03
0.673828	4.9741364609e-03
0.685059	4.7088192672e-03
0.696289	5.8588597989e-03
0.707520	5.8264340885e-03
0.718750	6.0937218240e-03
0.729980	5.3754743402e-03
0.741211	5.7275909093e-03
0.752441	4.1896511799e-03
0.763672	4.6083239587e-03
0.774902	3.4696614744e-03
0.786133	3.8085419202e-03
0.797363	4.9589173262e-03
0.808594	5.1146838883e-03
0.819824	5.1228500548e-03
0.831055	5.1347463809e-03
0.842285	4.6074645598e-03
0.853516	3.1690979296e-03
0.864746	3.1100567099e-03
0.875977	3.1985065153e-03
0.887207	2.7289749300e-03
0.898438	4.8792626305e-03
0.909668	5.1148312444e-03
0.920898	4.9452193595e-03
0.932129	5.3612243776e-03
0.943359	5.9534350488e-03
0.954590	5.1147822854e-03
0.965820	5.2117636862e-03
0.977051	5.4796006807e-03
0.988281	5.0346274164e-03
0.999512	4.6010716995e-03
1.010742	4.0879564562e-03
1.021973	4.4143783350e-03
1.033203	3.9377787523e-03
1.044434	3.3288461858e-03
1.055664	3.8941892516e-03
1.066895	3.2337602229e-03
1.078125	2.3993032436e-03
1.089355	2.5361202367e-03
1.100586	2.5119479921e-03
1.111816	1.8739935980e-03
1.123047	3.2102420779e-03
1.134277	3.7476612641e-03
1.145508	5.8039738533e-03
1.156738	5.8262451221e-03
1.167969	6.0727245625e-03
1.179199	4.8596311352e-03
1.190430	4.6475657868e-03
1.201660	3.1774394366e-03
1.212891	3.0797981479e-03
1.224121	2.6782340864e-03
1.235352	2.8970454013e-03
1.246582	2.9768608344e-03
1.257812	2.4135705917e-03
1.269043	2.7455285399e-03
1.280273	4.3691607106e-03
1.291504	4.7213311550e-03
1.302734	5.5284577514e-03
1.313965	5.5619676315e-03
1.325195	5.7526652064e-03
1.336426	5.5636961384e-03
1.347656	5.3108635265e-03
1.358887	5.0615232408e-03
1.370117	4.5717007145e-03
1.381348	5.4498428994e-03
1.392578	5.3416007618e-03
1.403809	4.9850537074e-03
1.415039	4.0203676411e-03
1.426270	3.9812032954e-03
1.437500	2.4152886680e-03
1.448730	1.4355460805e-03
1.459961	1.3128869076e-03
1.471191	1.3302699377e-03
1.482422	1.8178989673e-03
1.493652	2.2988556685e-03
1.504883	2.1607248548e-03
1.516113	2.3342408670e-03
1.527344	2.4506209794e-03
1.538574	3.8815030650e-03
1.549805	4.9238923753e-03
1.561035	5.1286081283e-03
1.572266	5.2200217447e-03
1.583496	5.4544421031e-03
1.594727	4.0306896136e-03
1.605957	2.5627911684e-03
1.617188	2.6197914120e-03
1.628418	2.1876356370e-03
1.639648	2.5189712565e-03
1.650879	2.1471610524e-03
1.662109	2.9745304435e-03
1.673340	3.9530671693e-03
1.684570	4.0511508632e-03
1.695801	3.3940854765e-03
1.707031	3.6448992942e-03
1.718262	2.9933291344e-03
1.729492	1.6977278959e-03
1.740723	1.9750635698e-03
1.751953	2.8354502505e-03
1.763184	2.9373148722e-03
1.774414	3.4065613066e-03
1.785645	3.4423581598e-03
1.796875	3.2545773708e-03
1.808105	3.5769836324e-03
1.819336	4.4854778126e-03
1.830566	5.5688507765e-03
1.841797	5.4636822414e-03
1.853027	5.6366317085e-03
1.864258	4.3228194912e-03
1.875488	2.9619523916e-03
1.886719	1.7619467108e-03
1.897949	2.5515460255e-03
1.909180	4.2580767355e-03
1.920410	4.5415116723e-03
1.931641	4.9738801838e-03
1.942871	4.7315057624e-03
1.954102	5.4527238219e-03
1.965332	3.6042128605e-03
1.976562	3.8287207977e-03
1.987793	3.2223020236e-03
1.999023	3.2408049942e-03
2.010254	1.6954135154e-03
2.021484	1.8552675348e-03
2.032715	3.2548519866e-03
2.043945	3.6404654589e-03
2.055176	5.0578672362e-03
2.066406	6.0512634570e-03
2.077637	7.7506779123e-03
2.088867	6.8907253860e-03
2.100098	7.9764755912e-03
2.111328	6.4214738488e-03
2.122559	5.4649113307e-03
2.133789	4.6927109726e-03
2.145020	4.0654485525e-03
2.156250	3.9320139077e-03
2.167480	4.7857908584e-03
2.178711	6.2376283570e-03
2.189941	5.9519081442e-03
2.201172	6.3881142140e-03
2.212402	5.8750830363e-03
2.223633	5.3653938657e-03
2.234863	4.2702744673e-03
2.246094	3.6168617743e-03
2.257324	2.8999031767e-03
2.268555	2.8489770346e-03
2.279785	3.3411472394e-03
2.291016	5.3982877607e-03
2.302246	5.1079400662e-03
2.313477	5.7200918509e-03
2.324707	6.2458056746e-03
2.335938	5.8727980561e-03
2.347168	3.6109974546e-03
2.358398	4.8351925000e-03
2.369629	4.9044633358e-03
2.380859	4.0841350167e-03
2.392090	3.5083135690e-03
2.403320	4.1394179316e-03
2.414551	3.4714884277e-03
2.425781	4.0677583449e-03
2.437012	4.2068465927e-03
2.448242	5.1615438168e-03
2.459473	4.3721994727e-03
2.470703	3.8027492725e-03
2.481934	2.8975846129e-03
2.493164	2.9645086963e-03
2.504395	2.0872504852e-03
2.515625	2.7772546778e-03
2.526855	2.6827122148e-03
2.538086	3.1459453457e-03
2.549316	3.2548642879e-03
2.560547	3.1066098621e-03
2.571777	3.9346556536e-03
2.583008	4.0722195411e-03
2.594238	3.6364141231e-03
2.605469	4.4416331942e-03
2.616699	5.6502002562e-03
2.627930	4.1997893718e-03
2.639160	4.5018660916e-03
2.650391	4.6091297175e-03
2.661621	5.1749030836e-03
2.672852	4.1846410357e-03
2.684082	4.4880575742e-03
2.695312	4.4983332533e-03
2.706543	6.0715944661e-03
2.717773	4.2933454841e-03
2.729004	5.0812343312e-03
2.740234	4.7298767823e-03
2.751465	5.9512223578e-03
2.762695	4.4713087042e-03
2.773926	4.5732163159e-03
2.785156	3.7501317152e-03
2.796387	4.0075402429e-03
2.807617	3.3562811951e-03
2.818848	3.4930294285e-03
2.830078	3.7873269397e-03
2.841309	4.6398912966e-03
2.852539	8.9207363968e-03
2.863770	1.0430707231e-02
2.875000	1.0414132775e-02
2.886230	1.0186769457e-02
2.897461	9.5980959795e-03
2.908691	5.5924902622e-03
2.919922	4.1829951730e-03
2.931152	3.7916586870e-03
2.942383	3.8358422649e-03
2.953613	4.0932938909e-03
2.964844	3.9666368932e-03
2.976074	3.1266374528e-03
2.987305	3.3342421726e-03
2.998535	2.8410879444e-03
3.009766	2.4553593533e-03
3.020996	2.1885270261e-03
3.032227	2.6522551071e-03
3.043457	3.2384300235e-03
3.054688	3.2675794446e-03
3.065918	3.2047196090e-03
3.077148	4.2631458363e-03
3.088379	4.2632430838e-03
3.099609	4.0395628879e-03
3.110840	5.3853815989e-03
3.122070	5.4549903249e-03
3.133301	4.4896101543e-03
3.144531	3.7567971386e-03
3.155762	3.1659574854e-03
3.166992	1.7490482120e-03
3.178223	2.4676176409e-03
3.189453	3.1333591441e-03
3.200684	4.2189111821e-03
3.211914	4.7487256703e-03
3.223145	5.3719658780e-03
3.234375	4.4670951006e-03
3.245605	3.7108684642e-03
3.256836	4.1145415748e-03
3.268066	4.3678445273e-03
3.279297	5.2696685056e-03
3.290527	5.9091195782e-03
3.301758	6.3059281054e-03
3.312988	5.7809285996e-03
3.324219	6.0369521118e-03
3.335449	4.6264596161e-03
3.346680	4.2622924498e-03
3.357910	4.0435261067e-03
3.369141	3.4879561677e-03
3.380371	3.6930717552e-03
3.391602	3.8379133588e-03
3.402832	3.6671776424e-03
3.414062	3.2264503629e-03
3.425293	4.0602414190e-03
3.436523	2.9952819492e-03
3.447754	3.8704156196e-03
3.458984	3.9205716709e-03
3.470215	4.4049729648e-03
3.481445	3.2114020878e-03
3.492676	3.2490281273e-03
3.503906	2.0166940997e-03
3.515137	2.6856588023e-03
3.526367	3.7554684669e-03
3.537598	4.5671554041e-03
3.548828	4.3398047226e-03
3.560059	5.3452758024e-03
3.571289	5.1642767859e-03
3.582520	4.4388775923e-03
3.593750	4.3113130062e-03
3.604980	5.9809559316e-03
3.616211	5.7659061800e-03
3.627441	5.7480510108e-03
3.638672	5.5364759404e-03
3.649902	4.9464085063e-03
3.661133	4.3742794652e-03
3.672363	3.8152960148e-03
3.683594	3.7654304713e-03
3.694824	3.4792706034e-03
3.706055	3.5646227476e-03
3.717285	2.2277894650e-03
3.728516	2.1877508941e-03
3.739746	2.7840962871e-03
3.750977	2.6576017246e-03
3.762207	5.3573261486e-03
3.773438	5.9890873590e-03
3.784668	6.6352244584e-03
3.795898	7.3711857035e-03
3.807129	7.4339260364e-03
3.818359	5.3853267560e-03
3.829590	6.1155631402e-03
3.840820	6.0197741768e-03
3.852051	4.8366073173e-03
3.863281	5.1179281852e-03
3.874512	4.3604231630e-03
3.885742	6.1111528822e-03
3.896973	8.6839155920e-03
3.908203	1.3694853280e-02
3.919434	6.1613173485e-02
3.930664	6.2297244910e-02
3.941895	6.1705135885e-02
3.953125	5.9265915199e-02
3.964355	5.3847203856e-02
3.975586	5.4422864439e-03
3.986816	4.9042142556e-03
3.998047	2.7268220571e-03
4.009277	2.3936868789e-03
4.020508	2.1953714321e-03
4.031738	2.3090136538e-03
4.042969	2.8552016550e-03
4.054199	2.7112617795e-03
4.065430	2.6342973788e-03
4.076660	3.9152644912e-03
4.087891	4.4553292411e-03
4.099121	4.4138932513e-03
4.110352	4.0344602838e-03
4.121582	4.3400711681e-03
4.132812	4.2898956536e-03
4.144043	3.9631531034e-03
4.155273	3.6609510976e-03
4.166504	3.7832949377e-03
4.177734	3.4259340868e-03
4.188965	3.6079841407e-03
4.200195	3.9368689387e-03
4.211426	3.9599536963e-03
4.222656	3.9496858958e-03
4.233887	3.9064447864e-03
4.245117	2.7418276999e-03
4.256348	3.2677161435e-03
4.267578	4.4642883672e-03
4.278809	4.5786293658e-03
4.290039	4.8728511011e-03
4.301270	4.8389140513e-03
4.312500	3.6863056972e-03
4.323730	2.6660722063e-03
4.334961	2.6618257871e-03
4.346191	3.4016228997e-03
4.357422	3.0224330774e-03
4.368652	3.6319755377e-03
4.379883	4.0953761538e-03
4.391113	3.8476116499e-03
4.402344	3.4218947561e-03
4.413574	3.5942053584e-03
4.424805	3.2073487314e-03
4.436035	2.6274165249e-03
4.447266	2.9419450809e-03
4.458496	2.2864008869e-03
4.469727	2.7642639394e-03
4.480957	3.0501496547e-03
4.492188	2.8960750152e-03
4.503418	3.3338842498e-03
4.514648	3.5138785847e-03
4.525879	3.1239181257e-03
4.537109	2.5715382529e-03
4.548340	3.0822982645e-03
4.559570	2.7735986397e-03
4.570801	2.6097729351e-03
4.582031	4.6889105413e-03
4.593262	6.0532430168e-03
4.604492	6.3916382295e-03
4.615723	6.0852485723e-03
4.626953	6.3883586176e-03
4.638184	4.3904377435e-03
4.649414	3.6921963781e-03
4.660645	2.8827507615e-03
4.671875	3.1348404106e-03
4.683105	3.0563404109e-03
4.694336	3.6120427188e-03
4.705566	3.2648189792e-03
4.716797	4.8819216290e-03
4.728027	5.5932161627e-03
4.739258	5.3946212565e-03
4.750488	5.2116826360e-03
4.761719	7.2427700651e-03
4.772949	5.4738118429e-03
4.784180	5.5129542605e-03
4.795410	5.8283158849e-03
4.806641	6.0528552152e-03
4.817871	3.9191313238e-03
4.829102	4.7317021966e-03
4.840332	5.0029704002e-03
4.851562	4.5891474599e-03
4.862793	4.5875692032e-03
4.874023	5.0543922367e-03
4.885254	4.8738619702e-03
4.896484	3.9726167923e-03
4.907715	4.5282999823e-03
4.918945	3.9433797609e-03
4.930176	3.7802422464e-03
4.941406	3.2126052716e-03
4.952637	3.0819402391e-03
4.963867	2.2667372881e-03
4.975098	2.1921535013e-03
4.986328	1.7659669991e-03
4.997559	1.9299339560e-03
5.008789	1.8873872325e-03
5.020020	2.4100121607e-03
5.031250	2.5909833772e-03
5.042480	3.1389506694e-03
5.053711	2.7220275707e-03
5.064941	2.4230106094e-03
5.076172	2.6468499297e-03
5.087402	2.8748215544e-03
5.098633	3.3336264166e-03
5.109863	3.4382822700e-03
5.121094	5.7545696757e-03
5.132324	5.9893877246e-03
5.143555	5.7553323187e-03
5.154785	5.3832248844e-03
5.166016	5.4839848979e-03
5.177246	4.0896019028e-03
5.188477	3.2213168520e-03
5.199707	3.1467744399e-03
5.210938	2.9915367493e-03
5.222168	3.6979405920e-03
5.233398	5.9170169034e-03
5.244629	6.6413053525e-03
5.255859	6.1908367819e-03
5.267090	6.4086726291e-03
5.278320	6.0534704377e-03
5.289551	3.9848992655e-03
5.300781	3.8283195573e-03
5.312012	3.9528107767e-03
5.323242	3.2149273969e-03
5.334473	2.8511690714e-03
5.345703	3.9485301736e-03
5.356934	4.0971580188e-03
5.368164	4.0658528590e-03
5.379395	4.0080930577e-03
5.390625	4.0659479916e-03
5.401855	3.3374070021e-03
5.413086	3.2306234407e-03
5.424316	3.7339433087e-03
5.435547	3.7021528571e-03
5.446777	5.2064488021e-03
5.458008	5.1418197658e-03
5.469238	4.7793725491e-03
5.480469	4.4848463861e-03
5.491699	5.0762991146e-03
5.502930	5.1735325519e-03
5.514160	4.0753139907e-03
5.525391	3.9285208315e-03
5.536621	4.6472544136e-03
5.547852	4.8629659314e-03
5.559082	3.3694931076e-03
5.570312	3.5607047131e-03
5.581543	3.8675003258e-03
5.592773	3.1974284446e-03
5.604004	4.4372732348e-03
5.615234	4.3998569987e-03
5.626465	4.8033893330e-03
5.637695	5.4433312498e-03
5.648926	5.1589320009e-03
5.660156	3.4394082147e-03
5.671387	3.3058941021e-03
5.682617	3.3708858157e-03
5.693848	2.2972583703e-03
5.705078	2.8326734964e-03
5.716309	2.3796140296e-03
5.727539	1.9279531361e-03
