0		15.83
1		15.88
2		15.78
3		15.75
4		15.78
5		15.73
6		15.78
7		15.75
8		15.80
9		15.55
10		15.73
11		15.80
12		15.80
13		15.75
14		15.80
15		15.78
16		15.70
17		15.78
18		15.73
19		15.75
20		15.78
21		15.80
22		15.73
23		15.85
24		15.75
25		15.78
26		15.88
27		15.68
28		15.70
29		15.78
30		15.70
31		15.75
32		15.78
33		15.73
34		15.78
35		15.75
36		15.75
37		15.80
38		15.78
39		15.73
40		15.78
41		15.78
42		15.65
43		15.78
44		15.75
45		15.70
46		15.78
47		15.75
48		15.70
49		15.85
50		15.80
51		15.73
52		15.85
53		15.60
54		15.70
55		15.73
56		15.75
57		15.70
58		15.80
59		15.73
60		15.75
61		15.83
62		15.50
63		15.75
64		15.78
65		15.73
66		15.68
67		15.53
68		15.73
69		15.78
70		15.78
71		15.80
72		15.78
73		15.75
74		15.75
75		15.75
76		15.75
77		15.73
78		15.78
79		15.73
80		15.73
81		15.83
82		15.73
83		15.75
84		15.98
85		15.73
86		15.73
87		16.03
88		15.70
89		15.73
90		15.73
91		15.65
92		15.78
93		15.73
94		15.75
95		15.75
96		15.78
97		15.70
98		15.78
99		15.83
100		15.63
101		15.83
102		15.75
103		15.73
104		15.75
105		15.60
106		15.70
107		15.75
108		15.75
109		15.78
110		15.80
111		15.75
112		15.70
113		15.60
114		15.70
115		15.75
116		15.78
117		15.70
118		15.78
119		15.65
120		15.73
121		15.75
122		15.60
123		15.73
124		15.75
125		15.58
126		15.70
127		15.78
128		15.58
129		15.65
130		15.75
131		15.75
132		15.73
133		15.78
134		15.75
135		15.75
136		15.78
137		15.75
138		15.75
139		15.85
140		15.75
141		15.75
142		15.93
143		15.78
144		15.75
145		15.80
146		15.75
147		15.78
148		15.78
149		15.73
150		15.75
151		15.75
152		15.73
153		15.75
154		15.78
155		15.78
156		15.80
157		15.73
158		15.73
159		15.83
160		15.78
161		15.70
162		15.80
163		15.75
164		15.73
165		15.80
166		15.68
167		15.80
168		15.80
169		15.73
170		15.78
171		15.78
172		15.73
173		15.75
174		15.78
175		15.75
176		15.73
177		15.80
178		15.75
179		15.78
180		15.80
181		15.75
182		15.83
183		15.78
184		15.75
185		15.80
186		15.78
187		15.73
188		15.78
189		15.78
190		15.75
191		15.83
192		15.75
193		15.75
194		15.83
195		15.75
196		15.80
197		15.95
198		15.75
199		15.78
200		15.80
201		15.80
202		15.78
203		15.78
204		15.73
205		15.75
206		15.80
207		15.70
208		15.88
209		15.78
210		15.78
211		15.78
212		15.78
213		15.63
214		15.85
215		15.80
216		15.73
217		15.85
218		15.83
219		15.75
220		15.80
221		15.75
222		15.75
223		15.60
224		15.40
225		15.75
226		15.80
227		15.73
228		15.73
229		15.78
230		15.70
231		15.75
232		15.78
233		15.78
234		15.80
235		15.78
236		15.73
237		15.80
238		15.75
239		15.73
240		15.75
241		15.78
242		15.75
243		15.73
244		15.78
245		15.78
246		15.78
247		15.70
248		15.73
249		15.80
250		15.75
251		15.75
252		15.73
253		15.78
254		15.78
255		15.80
256		15.33
257		15.78
258		15.80
259		15.55
260		15.75
261		15.80
262		15.73
263		15.80
264		15.75
265		15.73
266		15.78
267		15.75
268		15.75
269		15.80
270		15.73
271		15.68
272		15.75
273		15.73
274		15.75
275		15.80
276		15.78
277		15.75
278		15.80
279		15.73
280		15.78
281		15.55
282		15.75
283		15.73
284		15.78
285		15.73
286		15.75
287		15.80
288		15.73
289		15.78
290		15.78
291		15.70
292		15.78
293		15.83
294		15.70
295		15.80
296		15.60
297		15.75
298		15.80
299		15.75
300		15.73
301		15.80
302		15.85
303		15.73
304		15.80
305		15.75
306		15.83
307		15.83
308		15.75
309		15.70
310		15.65
311		15.95
312		15.73
313		15.80
314		15.75
315		15.75
316		15.78
317		15.75
318		15.78
319		15.78
320		15.75
321		15.75
322		15.78
323		15.75
324		15.80
325		15.80
326		15.73
327		15.80
328		15.95
329		15.75
330		15.80
331		15.78
332		15.78
333		15.80
334		15.80
335		15.78
336		15.83
337		15.75
338		15.78
339		15.85
340		15.60
341		15.78
342		15.85
343		15.75
344		15.78
345		15.75
346		15.55
347		15.83
348		15.75
349		15.68
350		15.78
351		15.78
352		15.78
353		15.83
354		15.80
355		15.65
356		15.78
357		15.78
358		15.75
359		15.83
360		15.75
361		15.78
362		15.80
363		15.75
364		15.80
365		15.80
366		15.63
367		15.78
368		15.78
369		15.73
370		15.78
371		15.93
372		15.78
373		15.83
374		15.80
375		15.75
376		15.78
377		15.78
378		15.73
379		15.88
380		15.83
381		15.80
382		15.80
383		15.75
384		15.75
385		15.88
386		15.75
387		15.73
388		15.85
389		15.78
390		15.80
391		15.73
392		15.78
393		15.78
394		15.58
395		15.73
396		15.78
397		15.78
398		15.78
399		15.80
400		15.78
401		15.88
402		15.78
403		15.83
404		15.53
405		15.80
406		15.75
407		15.73
408		15.80
409		15.78
410		15.73
411		15.83
412		15.80
413		15.78
414		15.80
415		15.75
416		15.83
417		15.78
418		15.75
419		15.75
420		15.85
421		15.70
422		15.80
423		15.78
424		15.73
425		15.75
426		15.80
427		15.75
428		15.78
429		15.80
430		15.75
431		15.78
432		15.78
433		15.93
434		15.83
435		15.70
436		15.70
437		15.85
438		15.80
439		15.80
440		15.85
441		15.78
442		15.78
443		15.80
444		15.78
445		15.75
446		15.83
447		15.75
448		15.73
449		15.85
450		15.75
451		15.75
452		15.83
453		15.73
454		15.80
455		15.80
456		15.75
457		15.70
458		15.80
459		15.75
460		15.78
461		15.75
462		15.75
463		15.78
464		15.78
465		15.75
466		15.85
467		15.78
468		15.73
469		15.80
470		15.78
471		15.73
472		15.80
473		15.78
474		15.80
475		15.78
476		15.75
477		15.73
478		15.88
479		15.83
480		15.78
481		15.83
482		15.73
483		15.80
484		16.30
485		15.75
486		15.85
487		15.80
488		15.48
489		15.78
490		15.78
491		15.78
492		15.85
493		15.75
494		15.75
495		15.75
496		15.80
497		15.75
498		15.85
499		15.70
500		15.75
501		15.80
502		15.75
503		15.78
504		15.80
505		15.70
506		15.80
507		15.73
508		15.73
509		15.78
510		15.60
511		15.73
512		15.78
513		15.80
514		15.75
515		15.73
516		15.78
517		15.65
518		15.78
519		15.78
520		15.83
521		15.73
522		15.75
523		15.75
524		15.80
525		15.78
526		15.75
527		15.83
528		15.78
529		15.80
530		15.80
531		15.78
532		15.78
533		15.80
534		15.75
535		15.80
536		15.83
537		15.75
538		15.78
539		15.80
540		15.73
541		15.80
542		15.83
543		15.78
544		15.80
545		15.80
546		15.70
547		15.85
548		15.83
549		15.85
550		15.83
551		15.75
552		15.75
553		15.75
554		15.78
555		15.78
556		15.83
557		15.75
558		15.73
559		15.80
560		15.75
561		15.73
562		15.65
563		15.73
564		15.80
565		15.83
566		15.75
567		15.80
568		15.83
569		15.75
570		15.78
571		15.80
572		15.73
573		15.80
574		15.80
575		15.75
576		15.83
577		15.75
578		15.73
579		15.83
580		15.75
581		15.75
582		15.80
583		15.65
584		15.73
585		15.83
586		15.78
587		15.83
588		15.88
589		15.70
590		15.70
591		15.75
592		15.73
593		15.80
594		16.03
595		15.73
596		15.75
597		15.83
598		15.73
599		15.78
600		15.65
601		15.75
602		15.78
603		15.80
604		15.75
605		15.80
606		15.83
607		15.65
608		15.83
609		15.78
610		15.73
611		15.80
612		15.75
613		15.75
614		15.83
615		15.75
616		15.73
617		15.80
618		15.78
619		15.73
620		15.70
621		15.73
622		15.80
623		15.70
624		15.75
625		15.75
626		15.80
627		15.78
628		15.80
629		16.15
630		15.75
631		15.78
632		15.80
633		15.73
634		15.80
635		15.75
636		15.80
637		15.78
638		15.80
639		15.68
640		15.80
641		15.78
642		15.75
643		15.80
644		15.80
645		15.73
646		15.83
647		15.70
648		15.78
649		15.85
650		15.43
651		15.80
652		15.80
653		15.73
654		15.73
655		15.80
656		15.75
657		15.80
658		15.83
659		15.73
660		15.83
661		15.80
662		15.73
663		15.78
664		15.83
665		15.80
666		15.75
667		15.80
668		15.73
669		15.80
670		15.78
671		15.78
672		15.80
673		15.78
674		15.75
675		15.85
676		15.75
677		15.75
678		15.78
679		15.70
680		15.78
681		15.78
682		15.75
683		15.78
684		15.80
685		15.78
686		15.80
687		16.37
688		15.68
689		15.78
690		15.75
691		15.75
692		15.80
693		15.80
694		15.78
695		15.80
696		15.75
697		15.75
698		15.80
699		15.75
700		15.73
701		15.78
702		15.78
703		15.80
704		15.88
705		15.75
706		15.78
707		15.60
708		15.78
709		15.80
710		15.80
711		15.78
712		15.78
713		15.80
714		15.75
715		15.78
716		15.80
717		15.75
718		15.80
719		15.80
720		15.73
721		15.80
722		15.78
723		15.75
724		15.83
725		15.40
726		15.78
727		15.80
728		15.78
729		15.75
730		15.83
731		15.75
732		15.73
733		15.83
734		15.80
735		15.80
736		15.70
737		15.70
738		15.78
739		15.88
740		15.75
741		15.78
742		15.78
743		15.75
744		15.80
745		15.83
746		15.75
747		15.80
748		15.80
749		15.75
750		15.83
751		15.75
752		15.73
753		15.80
754		15.78
755		15.78
756		15.80
757		15.78
758		15.78
759		15.80
760		15.78
761		15.78
762		15.98
763		15.78
764		15.78
765		15.83
766		15.73
767		15.78
768		15.83
769		15.83
770		15.78
771		15.80
772		15.80
773		15.78
774		15.80
775		15.75
776		15.80
777		15.83
778		15.78
779		15.80
780		15.78
781		15.78
782		15.75
783		16.08
784		15.75
785		15.80
786		15.55
787		15.78
788		15.75
789		15.75
790		15.78
791		15.78
792		15.75
793		15.80
794		15.80
795		15.75
796		15.80
797		15.80
798		15.78
799		15.80
800		15.85
801		15.78
802		15.80
803		15.80
804		15.78
805		15.83
806		15.78
807		15.78
808		15.83
809		16.32
810		15.75
811		15.85
812		15.73
813		15.73
814		15.83
815		15.75
816		15.80
817		15.83
818		15.78
819		15.78
820		15.80
821		15.73
822		15.80
823		15.85
824		15.78
825		15.78
826		15.63
827		15.73
828		15.80
829		15.80
830		15.68
831		15.83
832		15.80
833		15.75
834		15.80
835		15.78
836		15.78
837		15.78
838		15.78
839		15.78
840		15.83
841		15.78
842		15.73
843		15.95
844		15.78
845		15.80
846		15.83
847		15.63
848		15.78
849		15.60
850		15.78
851		15.80
852		15.78
853		15.85
854		15.78
855		15.80
856		15.75
857		15.80
858		15.80
859		15.83
860		15.80
861		15.78
862		15.75
863		15.80
864		15.80
865		15.73
866		15.80
867		15.78
868		15.78
869		15.85
870		15.85
871		15.78
872		15.50
873		15.78
874		15.80
875		15.80
876		15.78
877		15.80
878		15.83
879		15.78
880		15.80
881		15.80
882		15.75
883		15.80
884		15.78
885		15.80
886		15.85
887		15.78
888		15.78
889		15.83
890		15.75
891		15.78
892		15.80
893		16.03
894		15.75
895		15.83
896		15.78
897		15.80
898		15.90
899		15.78
900		15.78
901		15.80
902		15.75
903		15.88
904		15.78
905		15.38
906		15.80
907		15.80
908		15.80
909		15.78
910		15.63
911		15.75
912		15.83
913		15.78
914		15.70
915		15.80
916		15.78
917		15.75
918		15.80
919		15.78
920		15.78
921		15.83
922		15.78
923		15.80
924		15.85
925		15.50
926		15.75
927		15.75
928		15.78
929		15.83
930		15.73
931		15.73
932		15.78
933		15.85
934		15.75
935		15.75
936		15.70
937		15.75
938		15.80
939		15.78
940		15.70
941		15.80
942		15.78
943		15.75
944		15.70
945		15.78
946		15.75
947		15.78
948		15.75
949		15.75
950		15.80
951		15.78
952		15.78
953		15.80
954		15.78
955		15.78
956		15.93
957		15.75
958		15.78
959		15.78
960		15.75
961		15.78
962		15.78
963		15.73
964		15.75
965		15.78
966		15.70
967		15.78
968		15.78
969		15.75
970		15.78
971		15.75
972		15.73
973		15.70
974		15.80
975		15.73
976		15.85
977		15.78
978		15.75
979		15.80
980		15.78
981		15.75
982		15.90
983		15.73
984		15.80
985		15.80
986		15.60
987		15.78
988		15.80
989		15.73
990		15.80
991		15.78
992		15.75
993		15.78
994		15.78
995		15.63
996		15.80
997		15.78
998		15.68
999		15.80
1000		15.68
1001		15.73
1002		15.78
1003		15.90
1004		15.73
1005		15.80
1006		15.78
1007		15.70
1008		15.83
1009		15.75
1010		15.75
1011		16.03
1012		15.78
1013		15.78
1014		15.80
1015		15.75
1016		15.75
1017		15.83
1018		15.73
1019		15.78
1020		15.80
1021		15.75
1022		15.78
1023		15.75
1024		15.75
1025		15.88
1026		15.75
1027		15.73
1028		15.83
1029		15.83
1030		15.78
1031		15.83
1032		15.78
1033		15.78
1034		15.80
1035		15.75
1036		15.85
1037		15.83
1038		15.78
1039		15.73
1040		15.83
1041		15.80
1042		15.78
1043		15.80
1044		15.75
1045		15.78
1046		15.85
1047		15.75
1048		15.78
1049		15.83
1050		15.73
1051		15.85
1052		15.83
1053		15.80
1054		15.80
1055		15.75
1056		15.78
1057		15.80
1058		15.78
1059		15.75
1060		15.80
1061		15.68
1062		15.80
1063		15.83
1064		15.75
1065		15.80
1066		15.70
1067		15.68
1068		15.80
1069		15.83
1070		15.78
1071		15.85
1072		15.83
1073		15.75
1074		15.83
1075		16.10
1076		15.88
1077		15.80
1078		15.83
1079		15.75
1080		15.68
1081		15.88
1082		15.75
1083		15.83
1084		15.78
1085		15.78
1086		15.80
1087		15.78
1088		15.75
1089		15.80
1090		16.30
1091		15.75
1092		15.83
1093		15.78
1094		15.78
1095		15.70
1096		15.75
1097		15.80
1098		15.85
1099		15.78
1100		15.83
1101		15.83
1102		15.75
1103		15.80
1104		15.80
1105		15.73
1106		15.80
1107		15.45
1108		15.78
1109		15.80
1110		15.83
1111		15.78
1112		15.80
1113		15.80
1114		15.75
1115		15.83
1116		15.83
1117		15.78
1118		15.68
1119		15.78
1120		15.78
1121		15.80
1122		15.83
1123		15.80
1124		15.80
1125		15.78
1126		15.80
1127		15.60
1128		15.83
1129		15.80
1130		15.80
1131		15.75
1132		15.80
1133		15.80
1134		15.68
1135		15.75
1136		15.80
1137		15.80
1138		15.80
1139		15.75
1140		15.78
1141		15.83
1142		15.63
1143		15.73
1144		15.83
1145		15.80
1146		15.75
1147		15.85
1148		16.03
1149		15.75
1150		15.88
1151		15.75
1152		15.80
1153		15.78
1154		15.78
1155		15.80
1156		15.83
1157		15.80
1158		15.80
1159		15.80
1160		15.78
1161		15.80
1162		15.80
1163		15.80
1164		15.80
1165		15.80
1166		15.78
1167		15.85
1168		15.80
1169		15.85
1170		15.85
1171		15.70
1172		15.75
1173		15.80
1174		15.78
1175		15.80
1176		15.85
1177		15.80
1178		15.80
1179		15.80
1180		15.73
1181		15.83
1182		15.85
1183		15.78
1184		15.80
1185		15.65
1186		15.78
1187		15.80
1188		15.80
1189		15.78
1190		15.80
1191		15.83
1192		15.73
1193		15.88
1194		15.78
1195		15.85
1196		15.80
1197		15.78
1198		15.78
1199		15.83
1200		15.73
1201		15.78
1202		15.83
1203		15.95
1204		15.75
1205		15.83
1206		15.80
1207		15.80
1208		15.70
1209		15.73
1210		15.73
1211		15.80
1212		15.75
1213		15.78
1214		15.83
1215		15.75
1216		15.78
1217		15.83
1218		15.73
1219		15.68
1220		15.73
1221		15.75
1222		15.80
1223		15.78
1224		15.78
1225		15.78
1226		15.78
1227		15.75
1228		15.78
1229		15.80
1230		15.70
1231		15.78
1232		15.45
1233		15.70
1234		15.80
1235		15.55
1236		15.80
1237		15.75
1238		15.75
1239		15.75
1240		15.78
1241		15.78
1242		15.75
1243		15.75
1244		15.70
1245		15.80
1246		15.75
1247		15.70
1248		15.65
1249		15.78
1250		15.70
1251		15.80
1252		15.80
1253		15.73
1254		15.78
1255		15.80
1256		15.75
1257		15.85
1258		15.75
1259		15.78
1260		15.78
1261		15.75
1262		15.78
1263		15.80
1264		15.58
1265		15.78
1266		15.98
1267		15.73
1268		15.78
1269		15.80
1270		15.75
1271		15.80
1272		15.80
1273		15.70
1274		15.78
1275		15.80
1276		15.70
1277		15.80
1278		15.75
1279		15.73
1280		15.80
1281		15.78
1282		15.75
1283		15.85
1284		15.78
1285		15.73
1286		15.75
1287		15.73
1288		15.73
1289		15.75
1290		15.75
1291		15.73
1292		15.83
1293		15.35
1294		15.75
1295		15.78
1296		15.73
1297		15.78
1298		15.80
1299		15.75
1300		15.85
1301		15.80
1302		15.90
1303		15.78
1304		15.78
1305		15.73
1306		15.80
1307		15.80
1308		15.78
1309		15.78
1310		15.73
1311		15.70
1312		15.80
1313		15.80
1314		15.75
1315		15.78
1316		15.75
1317		15.78
1318		15.83
1319		15.75
1320		15.73
1321		15.78
1322		15.78
1323		15.75
1324		15.93
1325		15.78
1326		15.75
1327		16.05
1328		15.73
1329		15.60
1330		15.80
1331		15.75
1332		15.80
1333		15.80
1334		15.68
1335		15.80
1336		15.73
1337		15.73
1338		15.83
1339		15.75
1340		15.75
1341		15.90
1342		15.78
1343		15.70
1344		15.83
1345		15.75
1346		15.78
1347		15.83
1348		15.78
1349		15.78
1350		15.88
1351		15.78
1352		15.85
1353		15.65
1354		15.73
1355		15.80
1356		15.78
1357		15.80
1358		15.78
1359		15.83
1360		15.70
1361		15.80
1362		15.83
1363		15.70
1364		15.75
1365		15.73
1366		15.68
1367		15.83
1368		15.70
1369		15.63
1370		15.78
1371		15.83
1372		15.70
1373		15.78
1374		15.75
1375		15.78
1376		15.83
1377		15.78
1378		15.78
1379		16.00
1380		15.75
1381		15.85
1382		15.78
1383		15.75
1384		15.75
1385		15.88
1386		15.83
1387		15.80
1388		15.88
1389		15.55
1390		15.78
1391		15.80
1392		15.75
1393		15.80
1394		15.78
1395		15.65
1396		15.75
1397		15.80
1398		15.75
1399		15.85
1400		15.98
1401		15.78
1402		15.80
1403		15.75
1404		15.75
1405		15.85
1406		15.78
1407		15.80
1408		15.80
1409		15.75
1410		15.78
1411		15.83
1412		15.70
1413		15.78
1414		15.83
1415		15.73
1416		15.78
1417		15.80
1418		15.60
1419		15.90
1420		15.70
1421		15.70
1422		15.78
1423		15.78
1424		15.78
1425		15.83
1426		15.75
1427		15.75
1428		15.78
1429		15.80
1430		15.75
1431		15.83
1432		15.73
1433		15.75
1434		15.88
1435		15.73
1436		15.80
1437		15.70
1438		15.78
1439		15.80
1440		15.85
1441		15.78
1442		15.80
1443		15.85
1444		15.75
1445		15.78
1446		15.70
1447		15.73
1448		15.85
1449		15.83
1450		15.75
1451		15.80
1452		15.80
1453		15.75
1454		15.80
1455		15.78
1456		15.75
1457		15.85
1458		15.75
1459		15.75
1460		15.83
1461		15.68
1462		15.78
1463		15.80
1464		15.73
1465		15.78
1466		15.83
1467		15.80
1468		15.75
1469		15.83
1470		15.75
1471		15.80
1472		15.78
1473		15.65
1474		15.70
1475		15.78
1476		15.80
1477		15.78
1478		15.78
1479		15.73
1480		15.80
1481		15.75
1482		15.75
1483		15.83
1484		15.58
1485		15.75
1486		15.80
1487		15.75
1488		15.78
1489		15.88
1490		15.75
1491		15.80
1492		15.83
1493		15.75
1494		15.78
1495		15.83
1496		15.75
1497		15.80
1498		15.78
1499		15.80
1500		15.78
1501		15.80
1502		15.80
1503		15.80
1504		15.80
1505		15.75
1506		15.80
1507		15.80
1508		15.80
1509		15.70
1510		15.80
1511		15.75
1512		15.85
1513		15.78
1514		15.75
1515		15.85
1516		15.75
1517		15.80
1518		15.50
1519		15.78
1520		15.80
1521		15.80
1522		15.75
1523		15.80
1524		15.80
1525		15.75
1526		15.78
1527		15.75
1528		15.75
1529		15.85
1530		15.78
1531		15.80
1532		15.83
1533		15.80
1534		15.78
1535		15.80
1536		15.78
1537		15.80
1538		15.83
1539		15.75
1540		15.78
1541		15.85
1542		15.58
1543		15.75
1544		15.95
1545		15.73
1546		15.75
1547		15.83
1548		15.75
1549		15.80
1550		15.80
1551		15.78
1552		15.83
1553		15.83
1554		15.75
1555		15.78
1556		15.78
1557		15.75
1558		15.80
1559		15.78
1560		15.63
1561		15.85
1562		15.78
1563		15.78
1564		15.80
1565		15.80
1566		15.78
1567		15.85
1568		15.80
1569		15.78
1570		15.85
1571		15.75
1572		15.78
1573		15.80
1574		15.75
1575		15.78
1576		15.80
1577		15.80
1578		15.80
1579		15.83
1580		15.75
1581		15.80
1582		15.83
1583		15.80
1584		15.80
1585		15.80
1586		15.70
1587		15.85
1588		15.75
1589		15.80
1590		15.70
1591		15.78
1592		15.78
1593		15.80
1594		15.78
1595		15.73
1596		15.83
1597		15.78
1598		15.80
1599		15.93
1600		15.80
1601		15.75
1602		15.80
1603		15.80
1604		15.80
1605		15.70
1606		15.78
1607		15.83
1608		15.80
1609		15.55
1610		15.78
1611		15.78
1612		15.75
1613		15.83
1614		15.75
1615		15.85
1616		15.68
1617		15.78
1618		15.73
1619		15.80
1620		15.80
1621		15.73
1622		15.80
1623		15.70
1624		15.75
1625		15.80
1626		15.85
1627		15.78
1628		15.85
1629		15.78
1630		15.78
1631		15.70
1632		15.75
1633		15.78
1634		15.70
1635		15.75
1636		15.78
1637		15.80
1638		15.78
1639		15.75
1640		15.80
1641		15.75
1642		15.80
1643		15.58
1644		15.73
1645		15.80
1646		15.75
1647		15.80
1648		15.85
1649		15.75
1650		15.75
1651		15.83
1652		15.85
1653		15.78
1654		15.75
1655		15.75
1656		15.75
1657		15.83
1658		15.65
1659		15.75
1660		16.10
1661		15.75
1662		15.70
1663		15.80
1664		15.48
1665		15.80
1666		15.80
1667		15.78
1668		15.80
1669		15.73
1670		15.65
1671		15.78
1672		15.75
1673		15.73
1674		15.83
1675		15.78
1676		15.78
1677		15.80
1678		15.75
1679		15.78
1680		15.88
1681		15.78
1682		15.75
1683		15.80
1684		15.75
1685		15.75
1686		15.80
1687		15.75
1688		15.78
1689		15.75
1690		15.70
1691		15.78
1692		15.75
1693		15.73
1694		15.75
1695		15.75
1696		15.78
1697		15.80
1698		15.75
1699		15.73
1700		15.78
1701		15.78
1702		15.73
1703		15.83
1704		15.75
1705		15.70
1706		15.80
1707		15.93
1708		15.80
1709		15.83
1710		15.75
1711		15.80
1712		15.83
1713		15.78
1714		15.80
1715		15.83
1716		15.75
1717		15.80
1718		15.80
1719		15.75
1720		15.75
1721		15.78
1722		15.83
1723		15.78
1724		15.78
1725		15.73
1726		15.80
1727		15.73
1728		15.75
1729		15.80
1730		15.65
1731		15.70
1732		15.80
1733		15.75
1734		15.75
1735		16.00
1736		15.78
1737		15.78
1738		15.83
1739		15.78
1740		15.80
1741		15.98
1742		15.75
1743		15.75
1744		15.78
1745		15.75
1746		15.78
1747		15.63
1748		15.78
1749		15.83
1750		15.78
1751		15.88
1752		15.80
1753		15.80
1754		15.75
1755		15.80
1756		15.75
1757		15.70
1758		15.85
1759		15.75
1760		15.78
1761		15.75
1762		15.80
1763		15.78
1764		15.80
1765		15.68
1766		15.78
1767		15.83
1768		15.78
1769		15.78
1770		15.80
1771		15.75
1772		15.78
1773		15.65
1774		15.68
1775		15.78
1776		15.83
1777		15.75
1778		15.83
1779		15.78
1780		15.78
1781		15.83
1782		15.78
1783		15.88
1784		15.85
1785		15.75
1786		15.78
1787		15.93
1788		15.75
1789		15.78
1790		15.80
1791		15.75
1792		15.83
1793		15.80
1794		15.73
1795		15.75
1796		15.65
1797		15.73
1798		15.80
1799		15.80
1800		15.78
1801		15.80
1802		15.78
1803		15.75
1804		15.83
1805		15.85
1806		15.78
1807		15.83
1808		15.78
1809		15.68
1810		15.83
1811		15.75
1812		15.78
1813		15.90
1814		15.78
1815		15.80
1816		15.83
1817		15.75
1818		15.78
1819		15.80
1820		15.73
1821		15.80
1822		15.83
1823		15.78
1824		15.80
1825		15.75
1826		15.80
1827		15.75
1828		15.80
1829		15.75
1830		15.80
1831		15.78
1832		15.75
1833		15.83
1834		15.73
1835		15.73
1836		15.83
1837		15.75
1838		15.75
1839		15.85
1840		15.78
1841		15.75
1842		15.78
1843		15.73
1844		15.78
1845		15.83
1846		15.75
1847		15.75
1848		15.80
1849		15.85
1850		15.75
1851		15.80
1852		15.70
1853		15.78
1854		15.80
1855		15.73
1856		15.83
1857		15.78
1858		15.78
1859		15.83
1860		15.75
1861		15.73
1862		15.78
1863		15.80
1864		15.78
1865		15.60
1866		15.78
1867		15.83
1868		15.83
1869		15.75
1870		15.80
1871		15.83
1872		15.78
1873		15.80
1874		15.83
1875		15.75
1876		15.80
1877		15.78
1878		15.75
1879		15.75
1880		15.80
1881		15.80
1882		15.80
1883		15.78
1884		15.78
1885		15.80
1886		16.12
1887		15.75
1888		15.68
1889		15.75
1890		15.78
1891		15.85
1892		15.78
1893		15.78
1894		15.75
1895		15.83
1896		15.83
1897		15.78
1898		15.73
1899		15.80
1900		15.78
1901		15.73
1902		15.85
1903		15.78
1904		15.70
1905		15.78
1906		15.78
1907		15.75
1908		15.78
1909		15.78
1910		15.75
1911		15.83
1912		15.78
1913		15.75
1914		15.98
1915		15.78
1916		15.75
1917		15.80
1918		15.78
1919		15.80
1920		15.98
1921		15.68
1922		15.80
1923		15.78
1924		16.00
1925		15.80
1926		15.75
1927		15.70
1928		15.80
1929		16.20
1930		15.75
1931		15.80
1932		15.75
1933		15.73
1934		15.78
1935		15.80
1936		15.78
1937		15.83
1938		15.75
1939		15.75
1940		15.68
1941		15.88
1942		15.78
1943		16.05
1944		15.73
1945		15.78
1946		15.78
1947		15.70
1948		15.80
1949		15.83
1950		15.73
1951		15.80
1952		15.88
1953		15.73
1954		15.80
1955		15.75
1956		15.75
1957		15.78
1958		15.73
1959		15.73
1960		15.80
1961		15.80
1962		15.80
1963		15.90
1964		15.85
1965		15.75
1966		15.90
1967		15.75
1968		15.75
1969		15.83
1970		15.75
1971		15.78
1972		15.80
1973		15.75
1974		15.78
1975		15.80
1976		15.53
1977		15.80
1978		15.80
1979		15.83
1980		15.75
1981		15.78
1982		15.73
1983		15.80
1984		15.78
1985		15.78
1986		15.85
1987		15.33
1988		15.73
1989		15.80
1990		15.80
1991		15.75
1992		15.60
1993		15.68
1994		15.78
1995		15.75
1996		15.73
1997		15.78
1998		15.75
1999		15.78
2000		15.78
2001		15.73
2002		15.73
2003		15.75
2004		15.85
2005		15.78
2006		15.80
2007		15.70
2008		15.78
2009		15.88
2010		15.78
2011		15.75
2012		15.80
2013		15.78
2014		15.80
2015		15.85
2016		15.38
2017		15.80
2018		15.73
2019		15.78
2020		15.75
2021		15.80
2022		15.75
2023		15.78
2024		15.83
2025		15.73
2026		15.80
2027		15.78
2028		15.75
2029		15.75
2030		15.65
2031		15.73
2032		15.80
2033		15.78
2034		15.75
2035		15.83
2036		15.78
2037		15.78
2038		15.78
2039		15.80
2040		15.78
2041		15.85
2042		15.78
2043		15.78
2044		15.73
2045		15.75
2046		15.78
2047		15.98
#aver		15.77		