0		15.53
1		15.60
2		15.65
3		15.60
4		15.65
5		15.70
6		15.63
7		15.73
8		15.68
9		15.70
10		15.75
11		15.90
12		15.68
13		15.80
14		15.98
15		15.75
16		15.80
17		15.58
18		15.78
19		15.85
20		15.78
21		15.83
22		15.85
23		15.80
24		15.83
25		15.98
26		15.80
27		15.85
28		15.88
29		15.85
30		15.80
31		15.80
32		15.78
33		15.80
34		15.83
35		15.75
36		15.80
37		15.93
38		15.75
39		15.78
40		15.75
41		15.73
42		15.83
43		15.75
44		15.75
45		15.88
46		15.75
47		15.73
48		15.78
49		15.75
50		15.73
51		15.78
52		15.75
53		15.75
54		15.83
55		15.70
56		15.73
57		15.73
58		15.70
59		15.73
60		15.70
61		15.70
62		15.75
63		15.73
64		15.68
65		15.78
66		15.75
67		15.73
68		15.83
69		15.73
70		15.73
71		15.88
72		15.70
73		15.73
74		15.83
75		15.80
76		15.73
77		15.73
78		15.70
79		15.75
80		15.73
81		15.68
82		15.75
83		15.68
84		15.70
85		15.85
86		15.75
87		15.73
88		15.80
89		15.75
90		15.73
91		15.80
92		15.75
93		15.70
94		15.68
95		15.73
96		15.78
97		15.80
98		15.78
99		15.78
100		15.73
101		15.75
102		15.83
103		15.80
104		15.70
105		15.83
106		15.83
107		15.78
108		15.80
109		15.78
110		15.80
111		15.88
112		15.88
113		15.80
114		15.88
115		15.85
116		15.78
117		15.83
118		15.83
119		15.78
120		15.85
121		15.75
122		15.83
123		15.98
124		15.85
125		15.88
126		15.95
127		15.88
128		15.88
129		15.83
130		15.83
131		15.98
132		15.93
133		15.83
134		15.98
135		15.93
136		15.88
137		15.95
138		15.90
139		15.88
140		15.98
141		15.90
142		15.95
143		16.08
144		15.93
145		15.95
146		16.27
147		15.95
148		16.00
149		15.95
150		15.98
151		15.98
152		16.03
153		16.00
154		16.03
155		15.95
156		16.05
157		16.10
158		16.10
159		16.15
160		16.20
161		16.17
162		16.25
163		16.32
164		16.32
165		16.42
166		16.57
167		16.62
168		16.80
169		16.85
170		16.80
171		17.02
172		16.97
173		16.97
174		17.02
175		17.00
176		16.92
177		16.90
178		16.75
179		16.62
180		16.60
181		16.50
182		16.47
183		16.35
184		16.30
185		16.20
186		16.22
187		16.12
188		16.10
189		16.10
190		15.93
191		16.10
192		16.12
193		15.70
194		15.95
195		15.95
196		15.88
197		15.88
198		15.90
199		15.80
200		15.88
201		15.80
202		15.75
203		15.88
204		15.78
205		15.83
206		15.88
207		15.95
208		15.75
209		15.83
210		15.75
211		15.75
212		15.78
213		15.75
214		15.73
215		15.83
216		15.75
217		15.78
218		16.00
219		15.78
220		15.80
221		15.48
222		15.78
223		15.88
224		15.73
225		15.85
226		15.85
227		15.85
228		15.78
229		15.85
230		15.85
231		15.85
232		15.95
233		15.85
234		15.88
235		15.85
236		15.95
237		15.88
238		15.95
239		15.93
240		15.90
241		15.98
242		15.93
243		15.98
244		15.98
245		15.85
246		15.98
247		16.00
248		15.88
249		16.05
250		16.05
251		16.05
252		16.08
253		16.03
254		16.05
255		16.12
256		16.10
257		16.05
258		16.15
259		15.83
260		16.12
261		16.20
262		16.15
263		16.15
264		16.22
265		16.20
266		16.22
267		16.25
268		16.03
269		16.27
270		16.32
271		16.32
272		16.37
273		16.42
274		16.32
275		16.45
276		16.45
277		16.45
278		16.57
279		16.60
280		16.70
281		16.72
282		16.70
283		16.80
284		16.62
285		16.87
286		16.90
287		16.95
288		16.92
289		16.95
290		17.34
291		17.15
292		16.95
293		16.85
294		16.75
295		16.77
296		16.65
297		16.57
298		16.52
299		16.47
300		16.45
301		16.42
302		16.30
303		16.25
304		16.25
305		16.10
306		16.08
307		16.03
308		15.95
309		15.95
310		15.93
311		15.88
312		15.88
313		15.88
314		15.80
315		15.80
316		15.80
317		15.80
318		15.83
319		15.80
320		15.80
321		15.80
322		15.83
323		15.75
324		15.78
325		15.75
326		15.75
327		15.80
328		15.75
329		15.73
330		15.85
331		15.75
332		15.80
333		16.08
334		15.75
335		15.78
336		15.83
337		15.80
338		15.80
339		15.85
340		15.78
341		15.90
342		15.90
343		15.83
344		15.93
345		15.88
346		15.85
347		15.95
348		15.98
349		15.93
350		15.95
351		15.75
352		15.85
353		15.93
354		15.70
355		15.93
356		16.15
357		15.88
358		16.00
359		16.00
360		15.95
361		16.00
362		15.98
363		15.95
364		16.00
365		16.08
366		16.00
367		16.03
368		16.03
369		16.03
370		16.08
371		16.08
372		16.08
373		16.15
374		16.12
375		16.08
376		16.05
377		16.10
378		15.98
379		16.12
380		16.22
381		16.08
382		16.00
383		16.08
384		15.95
385		16.08
386		15.98
387		16.15
388		16.03
389		15.95
390		15.80
391		15.95
392		15.90
393		15.98
394		15.90
395		15.85
396		15.83
397		15.78
398		15.78
399		15.85
400		15.90
401		15.75
402		15.80
403		15.75
404		15.70
405		15.85
406		15.63
407		15.68
408		15.70
409		15.68
410		15.65
411		15.65
412		15.48
413		15.65
414		16.32
415		15.58
416		15.70
417		15.65
418		15.58
419		15.60
420		15.60
421		15.60
422		15.65
423		15.60
424		15.60
425		15.63
426		15.58
427		15.68
428		15.73
429		15.63
430		15.58
431		15.75
432		15.58
433		15.60
434		15.63
435		15.53
436		15.75
437		15.68
438		15.58
439		15.63
440		15.58
441		15.53
442		15.73
443		15.73
444		15.70
445		15.75
446		15.80
447		15.83
448		15.93
449		15.98
450		16.00
451		16.15
452		16.17
453		16.25
454		16.45
455		16.27
456		16.50
457		16.82
458		16.55
459		16.65
460		16.67
461		16.80
462		16.57
463		16.60
464		16.52
465		16.37
466		16.42
467		16.37
468		16.32
469		16.30
470		16.17
471		16.17
472		16.15
473		16.03
474		16.05
475		16.03
476		16.00
477		15.98
478		15.90
479		15.90
480		15.78
481		15.90
482		15.83
483		15.95
484		15.88
485		15.90
486		15.90
487		15.85
488		15.88
489		15.95
490		15.90
491		15.90
492		15.90
493		15.90
494		15.93
495		15.95
496		15.93
497		15.98
498		15.93
499		15.93
500		15.95
501		15.78
502		15.90
503		15.93
504		15.88
505		15.90
506		15.70
507		15.83
508		15.85
509		15.90
510		15.80
511		15.85
#aver		15.97		