0.000000	8.2605837789e-02
0.061035	7.7824761679e-02
0.122070	2.2534458647e-02
0.183105	1.1888085658e-02
0.244141	6.9148716908e-03
0.305176	5.6632087575e-03
0.366211	5.4978366451e-03
0.427246	5.2851915415e-03
0.488281	6.3138693127e-03
0.549316	5.7041896569e-03
0.610352	5.7063876539e-03
0.671387	5.2804187449e-03
0.732422	4.9441109690e-03
0.793457	3.4792575175e-03
0.854492	3.4603297087e-03
0.915527	3.2110863527e-03
0.976562	3.3192100510e-03
1.037598	3.8202751074e-03
1.098633	4.0639546707e-03
1.159668	3.5323258181e-03
1.220703	4.0653511931e-03
1.281738	4.3724616232e-03
1.342773	4.0706165701e-03
1.403809	3.6112400823e-03
1.464844	4.2101659073e-03
1.525879	3.7982163318e-03
1.586914	3.4220988024e-03
1.647949	3.4040593932e-03
1.708984	4.1474822261e-03
1.770020	3.9503962116e-03
1.831055	3.6811960269e-03
1.892090	3.5756832656e-03
1.953125	3.5484304679e-03
2.014160	3.0548063658e-03
2.075195	3.1586064911e-03
2.136230	3.4728893097e-03
2.197266	3.8221321830e-03
2.258301	3.9772321717e-03
2.319336	4.3812924124e-03
2.380371	4.2045621459e-03
2.441406	4.8072757601e-03
2.502441	4.8464729683e-03
2.563477	5.3242483585e-03
2.624512	5.2575701708e-03
2.685547	5.6881873173e-03
2.746582	5.0413804462e-03
2.807617	4.6870632984e-03
2.868652	4.5053824605e-03
2.929688	4.1646569685e-03
2.990723	4.4021541333e-03
3.051758	5.0488058334e-03
3.112793	5.9515910881e-03
3.173828	5.3288342502e-03
3.234863	5.1489681455e-03
3.295898	4.6792414475e-03
3.356934	4.0100679723e-03
3.417969	3.2176070300e-03
3.479004	3.1648091100e-03
3.540039	2.7032766302e-03
3.601074	3.1326192450e-03
3.662109	2.9079105932e-03
3.723145	2.8314286544e-03
3.784180	3.4796506879e-03
3.845215	3.8660204451e-03
3.906250	3.5400163895e-03
3.967285	4.1083074411e-03
4.028320	4.6515455953e-03
4.089355	4.7188701733e-03
4.150391	5.3603273928e-03
4.211426	5.1087133633e-03
4.272461	4.8002210004e-03
4.333496	4.8108691182e-03
4.394531	4.0417869909e-03
4.455566	3.5502703948e-03
4.516602	3.4293010443e-03
4.577637	3.1060318068e-03
4.638672	2.6083351378e-03
4.699707	2.7209704525e-03
4.760742	2.9799636111e-03
4.821777	3.0209175821e-03
4.882812	3.5649504190e-03
4.943848	3.5179828782e-03
5.004883	4.2408642674e-03
5.065918	3.7535479127e-03
5.126953	3.8902735149e-03
5.187988	3.5621643859e-03
5.249023	3.4656392311e-03
5.310059	2.8612808966e-03
5.371094	2.8772748442e-03
5.432129	2.7214688723e-03
5.493164	2.6712032094e-03
5.554199	2.7238764487e-03
5.615234	2.6012085441e-03
5.676270	2.1692749680e-03
5.737305	3.1993950645e-03
5.798340	3.3749193032e-03
5.859375	3.6516168538e-03
5.920410	3.5246238327e-03
5.981445	4.7025906942e-03
6.042480	3.8947627649e-03
6.103516	3.5955439383e-03
6.164551	3.9219839500e-03
6.225586	4.7054063056e-03
6.286621	4.2154107990e-03
6.347656	4.5309085663e-03
6.408691	4.6825279124e-03
6.469727	4.5650886746e-03
6.530762	4.3703668805e-03
6.591797	5.2681017385e-03
6.652832	4.9927828670e-03
6.713867	5.5143823298e-03
6.774902	5.3122998063e-03
6.835938	4.9227743472e-03
6.896973	3.8238278550e-03
6.958008	4.0321526373e-03
7.019043	4.5543640428e-03
7.080078	5.0289601181e-03
7.141113	5.9862938754e-03
7.202148	6.2515561912e-03
7.263184	5.7838228310e-03
7.324219	4.6530498203e-03
7.385254	4.0336613835e-03
7.446289	3.5478142612e-03
7.507324	3.4341304943e-03
7.568359	3.3950749593e-03
7.629395	3.5622510057e-03
7.690430	3.7044493580e-03
7.751465	3.8591010872e-03
7.812500	3.8840178621e-03
7.873535	4.0942575294e-03
7.934570	5.3739796827e-03
7.995605	5.2240015507e-03
8.056641	5.0634366553e-03
8.117676	5.8141612940e-03
8.178711	6.8624126870e-03
8.239746	6.1249732227e-03
8.300781	6.3189399349e-03
8.361816	6.3802138192e-03
8.422852	5.5264406781e-03
8.483887	4.2395609644e-03
8.544922	3.6361626231e-03
8.605957	4.2693409280e-03
8.666992	4.1367395652e-03
8.728027	4.4454304393e-03
8.789062	5.3433211868e-03
8.850098	5.2266164950e-03
8.911133	4.8651448337e-03
8.972168	4.1106061972e-03
9.033203	5.7460980644e-03
9.094238	5.3840934208e-03
9.155273	6.2312146467e-03
9.216309	5.7359833605e-03
9.277344	6.6704042476e-03
9.338379	4.5659164356e-03
9.399414	4.0295398317e-03
9.460449	3.1223907088e-03
9.521484	3.4385899837e-03
9.582520	2.6774633683e-03
9.643555	2.9509777709e-03
9.704590	3.0188261867e-03
9.765625	3.0908991046e-03
9.826660	2.4569725071e-03
9.887695	2.7577562730e-03
9.948730	2.5715709670e-03
10.009766	3.2413000381e-03
10.070801	3.3824533334e-03
10.131836	4.0888014422e-03
10.192871	4.1681983062e-03
10.253906	5.2839710246e-03
10.314941	5.1801878388e-03
10.375977	5.5259940607e-03
10.437012	4.9638065484e-03
10.498047	4.7632788652e-03
10.559082	3.9698917136e-03
10.620117	4.1026863437e-03
10.681152	3.7635095366e-03
10.742188	4.4451770821e-03
10.803223	4.7699506992e-03
10.864258	4.1011808203e-03
10.925293	4.1210198248e-03
10.986328	3.9124224612e-03
11.047363	4.1222917198e-03
11.108398	4.6747935627e-03
11.169434	5.7601503506e-03
11.230469	5.4265079938e-03
11.291504	5.6035845898e-03
11.352539	4.9597850251e-03
11.413574	4.0714003156e-03
11.474609	3.7651645199e-03
11.535645	3.6779646679e-03
11.596680	3.8336791858e-03
11.657715	3.8318371791e-03
11.718750	6.1288452585e-03
11.779785	6.0261033198e-03
11.840820	6.0429541271e-03
11.901855	5.9277281564e-03
11.962891	6.3781462712e-03
12.023926	4.9124179145e-03
12.084961	4.6898889985e-03
12.145996	4.9842841488e-03
12.207031	5.2934521813e-03
12.268066	5.4114825291e-03
12.329102	5.3347991597e-03
12.390137	5.5886944407e-03
12.451172	5.7139421556e-03
12.512207	5.8450102147e-03
12.573242	6.0924227734e-03
12.634277	5.5619114589e-03
12.695312	5.7911623816e-03
12.756348	5.7281867795e-03
12.817383	5.4641174348e-03
12.878418	4.3289398283e-03
12.939453	4.0468057974e-03
13.000488	3.8425336347e-03
13.061523	3.9411751795e-03
13.122559	3.6288131165e-03
13.183594	4.1997899741e-03
13.244629	4.7757001068e-03
13.305664	4.3365213152e-03
13.366699	3.4496808194e-03
13.427734	3.0848109255e-03
13.488770	2.9932371491e-03
13.549805	2.6831376784e-03
13.610840	3.3131306569e-03
13.671875	3.7642466348e-03
13.732910	4.4716147176e-03
13.793945	4.5365180379e-03
13.854980	4.2416773833e-03
13.916016	3.6335195880e-03
13.977051	3.3887135070e-03
14.038086	2.8099748388e-03
14.099121	2.3888833283e-03
14.160156	2.0689849630e-03
14.221191	1.7599789940e-03
14.282227	1.7659358651e-03
14.343262	2.0048773275e-03
14.404297	2.4812264712e-03
14.465332	2.8584780667e-03
14.526367	4.0367090262e-03
14.587402	4.5486155187e-03
14.648438	4.7524006776e-03
14.709473	4.4458870639e-03
14.770508	4.6354825457e-03
14.831543	4.9996417057e-03
14.892578	4.5587057097e-03
14.953613	4.0809190781e-03
15.014648	4.0458815886e-03
15.075684	3.7952960436e-03
15.136719	4.1555803999e-03
15.197754	4.2316444031e-03
15.258789	4.9604499899e-03
15.319824	4.8803644691e-03
15.380859	4.9303636471e-03
15.441895	4.9349107020e-03
15.502930	4.5918497942e-03
15.563965	4.8980275662e-03
15.625000	4.7156474679e-03
15.686035	5.2535409335e-03
15.747070	4.1276004406e-03
15.808105	4.9446343318e-03
15.869141	5.7137580004e-03
15.930176	5.6963484594e-03
15.991211	5.1412364117e-03
16.052246	4.5452922491e-03
16.113281	4.3207995214e-03
16.174316	2.9883696562e-03
16.235352	3.8026054485e-03
16.296387	4.3559334205e-03
16.357422	4.4980390049e-03
16.418457	4.6447181403e-03
16.479492	5.2876782302e-03
16.540527	5.1067703589e-03
16.601562	4.3705472659e-03
16.662598	4.2038355374e-03
16.723633	3.5070407243e-03
16.784668	2.8034872522e-03
16.845703	2.1257323421e-03
16.906738	3.1687396513e-03
16.967773	3.3797150744e-03
17.028809	3.3146389381e-03
17.089844	3.2572441153e-03
17.150879	4.3298533091e-03
17.211914	3.3766799106e-03
17.272949	3.2895363582e-03
17.333984	3.4096351666e-03
17.395020	4.5978629813e-03
17.456055	3.9238237093e-03
17.517090	4.1812560225e-03
17.578125	4.2724927633e-03
17.639160	4.5029811047e-03
17.700195	3.9630238256e-03
17.761230	4.0717775929e-03
17.822266	3.7767507101e-03
17.883301	4.1473498194e-03
17.944336	4.8192192679e-03
18.005371	4.3642246839e-03
18.066406	4.8386027095e-03
18.127441	5.4522380782e-03
18.188477	5.2410807762e-03
18.249512	4.6728108981e-03
18.310547	4.5948392298e-03
18.371582	3.9196700898e-03
18.432617	3.6769066194e-03
18.493652	3.4566484134e-03
18.554688	3.3177843884e-03
18.615723	3.2181532005e-03
18.676758	3.9321118250e-03
18.737793	4.9254041447e-03
18.798828	4.7294898383e-03
18.859863	5.4386028238e-03
18.920898	5.3243452576e-03
18.981934	5.3943336942e-03
19.042969	4.9200469947e-03
19.104004	4.9980630124e-03
19.165039	5.2879389892e-03
19.226074	6.1071178378e-03
19.287109	5.1716354510e-03
19.348145	4.9388725166e-03
19.409180	4.8369649645e-03
19.470215	3.6519744151e-03
19.531250	2.7778236653e-03
19.592285	2.6712308559e-03
19.653320	2.8763076204e-03
19.714355	3.6450094806e-03
19.775391	4.3530534595e-03
19.836426	5.4603350293e-03
19.897461	6.1774890462e-03
19.958496	5.6220693402e-03
20.019531	5.4965983976e-03
20.080566	4.8817551761e-03
20.141602	3.5300893135e-03
20.202637	3.1421563007e-03
20.263672	2.7650774031e-03
20.324707	2.3927683103e-03
20.385742	2.4258461154e-03
20.446777	2.8415266801e-03
20.507812	3.3926102260e-03
20.568848	3.8470506237e-03
20.629883	3.4872835267e-03
20.690918	3.6845317526e-03
20.751953	3.2873853870e-03
20.812988	2.8410937719e-03
20.874023	3.0212515070e-03
20.935059	3.0838409712e-03
20.996094	3.6736127183e-03
21.057129	4.4966520170e-03
21.118164	4.2701775676e-03
21.179199	4.0033513145e-03
21.240234	4.1445046598e-03
21.301270	3.1747064638e-03
21.362305	3.2892684508e-03
21.423340	4.2109021113e-03
21.484375	4.2276882593e-03
21.545410	4.4995088906e-03
21.606445	4.8697166956e-03
21.667480	4.1101291106e-03
21.728516	2.9877895600e-03
21.789551	3.7357826344e-03
21.850586	4.4850505191e-03
21.911621	4.6997962655e-03
21.972656	5.0843181012e-03
22.033691	5.2673766866e-03
22.094727	6.1897606300e-03
22.155762	4.9483796457e-03
22.216797	4.3686457219e-03
22.277832	4.0441235436e-03
22.338867	3.8966595331e-03
22.399902	1.8924816129e-03
22.460938	2.0967093539e-03
22.521973	1.9682001064e-03
22.583008	1.7134420741e-03
22.644043	2.1709519551e-03
22.705078	2.3933804171e-03
22.766113	2.5301530727e-03
22.827148	3.0539794223e-03
22.888184	3.1532260417e-03
22.949219	2.6182852319e-03
23.010254	2.6341395462e-03
23.071289	2.8914158333e-03
23.132324	2.4919706174e-03
23.193359	2.8556326670e-03
23.254395	2.9059475306e-03
23.315430	3.1655242620e-03
23.376465	3.7339719372e-03
23.437500	3.7323700379e-03
23.498535	3.8981103776e-03
23.559570	4.0562824577e-03
23.620605	3.3838803331e-03
23.681641	2.3898000109e-03
23.742676	2.5338372532e-03
23.803711	2.2610734074e-03
23.864746	3.3413171023e-03
23.925781	3.7207296093e-03
23.986816	3.7557205413e-03
24.047852	3.6135180548e-03
24.108887	3.6035921486e-03
24.169922	2.9636932392e-03
24.230957	3.3229596265e-03
24.291992	3.5606081298e-03
24.353027	3.4259200682e-03
24.414062	4.3057197108e-03
24.475098	3.6713807443e-03
24.536133	3.2106564970e-03
24.597168	3.4668029751e-03
24.658203	4.8119647006e-03
24.719238	3.6316213632e-03
24.780273	3.8947849080e-03
24.841309	4.0809228405e-03
24.902344	3.4842798358e-03
24.963379	3.0431091987e-03
25.024414	3.2379706271e-03
25.085449	3.8793224449e-03
25.146484	3.7823567976e-03
25.207520	4.1324535488e-03
25.268555	4.4536462121e-03
25.329590	4.3515685616e-03
25.390625	4.3365327448e-03
25.451660	4.6541529372e-03
25.512695	4.5390696241e-03
25.573730	3.3590747000e-03
25.634766	4.0898478677e-03
25.695801	3.6446345477e-03
25.756836	3.5304944456e-03
25.817871	3.5426090048e-03
25.878906	4.3275174388e-03
25.939941	3.8376627264e-03
26.000977	3.6073597993e-03
26.062012	3.9034611807e-03
26.123047	4.4677853479e-03
26.184082	4.8671782124e-03
26.245117	5.2410828711e-03
26.306152	5.3127964329e-03
26.367188	5.4175255064e-03
26.428223	5.0241928158e-03
26.489258	3.9688808486e-03
26.550293	4.1220117556e-03
26.611328	4.6459180347e-03
26.672363	4.3788729384e-03
26.733398	4.2920823849e-03
26.794434	4.6104611855e-03
26.855469	3.9219319430e-03
26.916504	3.3451689373e-03
26.977539	3.4801738959e-03
27.038574	3.1906600418e-03
27.099609	3.7105684759e-03
27.160645	3.9222297052e-03
27.221680	3.6926752342e-03
27.282715	3.3555339877e-03
27.343750	3.8518230112e-03
27.404785	3.4335826755e-03
27.465820	3.2434071604e-03
27.526855	3.4984959063e-03
27.587891	3.8387015800e-03
27.648926	4.0181586782e-03
27.709961	4.9584525206e-03
27.770996	5.2382860792e-03
27.832031	5.1355835353e-03
27.893066	5.0382475319e-03
27.954102	4.9227849992e-03
28.015137	4.5371925004e-03
28.076172	4.0793392041e-03
28.137207	4.1571739066e-03
28.198242	3.8102072495e-03
28.259277	3.3738042473e-03
28.320312	2.7884166353e-03
28.381348	3.1507623932e-03
28.442383	4.4533564513e-03
28.503418	4.4878590511e-03
28.564453	4.4881440648e-03
28.625488	4.4955022409e-03
28.686523	4.6825452963e-03
28.747559	3.9764666429e-03
28.808594	3.4814665945e-03
28.869629	4.1408681034e-03
28.930664	5.1931691672e-03
28.991699	5.5331415973e-03
29.052734	5.2597428684e-03
29.113770	5.7391558936e-03
29.174805	5.6814210179e-03
29.235840	4.4424122893e-03
29.296875	3.8398553640e-03
29.357910	3.7984103227e-03
29.418945	3.9158829423e-03
29.479980	3.5832223769e-03
29.541016	3.3992461400e-03
29.602051	3.3067095901e-03
29.663086	3.5786516886e-03
29.724121	3.8705030564e-03
29.785156	3.3682893514e-03
29.846191	3.3416502725e-03
29.907227	3.8561697445e-03
29.968262	3.1071630313e-03
30.029297	3.7334448318e-03
30.090332	3.9184575488e-03
30.151367	4.1385114515e-03
30.212402	4.2656714205e-03
30.273438	4.4149315632e-03
30.334473	3.9419082361e-03
30.395508	4.6074492944e-03
30.456543	5.0143577388e-03
30.517578	5.0254249184e-03
30.578613	6.0405620486e-03
30.639648	5.3056947816e-03
30.700684	4.9373438175e-03
30.761719	4.4976958258e-03
30.822754	3.9923175375e-03
30.883789	3.4232472862e-03
30.944824	3.8545964064e-03
31.005859	5.1689755611e-03
31.066895	5.7134871594e-03
31.127930	5.4048391147e-03
31.188965	5.6832973119e-03
31.250000	5.8369865808e-03
31.311035	4.8602255455e-03
31.372070	5.1572298241e-03
31.433105	5.6910541818e-03
31.494141	6.1045262966e-03
31.555176	5.4862748488e-03
31.616211	5.0202097891e-03
31.677246	4.9041361434e-03
31.738281	4.8611760334e-03
31.799316	3.7898105243e-03
31.860352	3.9033405227e-03
31.921387	4.4266106188e-03
31.982422	3.3369288209e-03
32.043457	3.3807155810e-03
32.104492	3.3591886219e-03
32.165527	4.3515213735e-03
32.226562	4.6194105778e-03
32.287598	5.0153664479e-03
32.348633	5.7926438586e-03
32.409668	5.7120780871e-03
32.470703	4.5828170602e-03
32.531738	3.8838985731e-03
32.592773	3.7782475980e-03
32.653809	2.7957198019e-03
32.714844	3.6168403402e-03
32.775879	4.0172153900e-03
32.836914	4.2241411913e-03
32.897949	4.7417394440e-03
32.958984	5.1257035842e-03
33.020020	4.6034056682e-03
33.081055	4.4797065310e-03
33.142090	4.5562066704e-03
33.203125	4.2686405295e-03
33.264160	3.6719426751e-03
33.325195	3.4482768019e-03
33.386230	3.4606046575e-03
33.447266	2.8029395450e-03
33.508301	2.2076741439e-03
33.569336	2.2755774297e-03
33.630371	2.4814224826e-03
33.691406	2.9745306687e-03
33.752441	3.7143424093e-03
33.813477	4.4827108656e-03
33.874512	4.6165531429e-03
33.935547	4.6395094182e-03
33.996582	4.6206553349e-03
34.057617	4.1757628000e-03
34.118652	4.0025765545e-03
34.179688	4.0336043478e-03
34.240723	4.1481794552e-03
34.301758	4.4818301249e-03
34.362793	4.7593139381e-03
34.423828	4.5505346600e-03
34.484863	4.4109775124e-03
34.545898	4.3992994380e-03
34.606934	4.3085116104e-03
34.667969	4.0493894970e-03
34.729004	3.9759263891e-03
34.790039	4.4343080313e-03
34.851074	3.9423072174e-03
34.912109	3.9398746359e-03
34.973145	3.9032462917e-03
35.034180	3.8834980421e-03
35.095215	3.6429481017e-03
35.156250	3.8309731294e-03
35.217285	3.1176017920e-03
35.278320	2.8552547213e-03
35.339355	2.8196270201e-03
35.400391	2.6115224746e-03
35.461426	2.5249609251e-03
35.522461	2.3993227408e-03
35.583496	4.2596817115e-03
35.644531	4.7937492271e-03
35.705566	5.4238837856e-03
35.766602	6.0741414236e-03
35.827637	6.1749843341e-03
35.888672	4.6071167545e-03
35.949707	3.9854387804e-03
36.010742	3.1455153245e-03
36.071777	2.9234866449e-03
36.132812	2.7807571990e-03
36.193848	3.0559780099e-03
36.254883	3.3728048063e-03
36.315918	4.5964542226e-03
36.376953	4.1060823066e-03
36.437988	3.9394260087e-03
36.499023	3.7118331142e-03
36.560059	4.3199470345e-03
36.621094	3.0985968460e-03
36.682129	3.2521492551e-03
36.743164	3.5286971114e-03
36.804199	4.6015146352e-03
36.865234	3.6726857225e-03
36.926270	4.9188192431e-03
36.987305	5.3516613140e-03
37.048340	5.6428425114e-03
37.109375	4.4274010508e-03
37.170410	4.6833713008e-03
37.231445	3.8090015297e-03
37.292480	3.3979348998e-03
37.353516	3.1643112136e-03
37.414551	3.0133099370e-03
37.475586	3.3588244814e-03
37.536621	3.7990948649e-03
37.597656	3.7908230639e-03
37.658691	3.7097567751e-03
37.719727	4.1450745154e-03
37.780762	3.7562613297e-03
37.841797	3.0357506524e-03
37.902832	3.9116504337e-03
37.963867	3.8171581586e-03
38.024902	3.9818374397e-03
38.085938	3.6342896130e-03
38.146973	3.7498107217e-03
38.208008	3.1892076472e-03
38.269043	3.1556130625e-03
38.330078	3.2657539572e-03
38.391113	3.6664431223e-03
38.452148	3.4715116071e-03
38.513184	3.3845982060e-03
38.574219	3.5244519933e-03
38.635254	3.2919022683e-03
38.696289	3.5489003261e-03
38.757324	3.5610937556e-03
38.818359	3.8503619754e-03
38.879395	4.9453562671e-03
38.940430	5.0199778204e-03
39.001465	4.7006335551e-03
39.062500	5.4980414749e-03
39.123535	5.1409953620e-03
39.184570	4.1011628493e-03
39.245605	4.5101083519e-03
39.306641	4.4501960717e-03
39.367676	4.0487711084e-03
39.428711	4.2815617493e-03
39.489746	4.9522356765e-03
39.550781	4.2825892861e-03
39.611816	4.9840044048e-03
39.672852	5.2498754947e-03
39.733887	5.0353236062e-03
39.794922	4.4087803097e-03
39.855957	4.9292799359e-03
39.916992	4.6686741410e-03
39.978027	4.3511698601e-03
40.039062	4.4864717388e-03
40.100098	4.8059634847e-03
40.161133	4.2505109162e-03
40.222168	3.8322488106e-03
40.283203	3.5742317394e-03
40.344238	3.0435960924e-03
40.405273	2.8902453820e-03
40.466309	2.7970584010e-03
40.527344	2.7224301495e-03
40.588379	2.7768234290e-03
40.649414	2.7724793141e-03
40.710449	4.1193132284e-03
40.771484	4.7047809966e-03
40.832520	5.5898039607e-03
40.893555	6.1179041035e-03
40.954590	6.0966589377e-03
41.015625	4.2963105859e-03
41.076660	4.4484932626e-03
41.137695	3.8310950385e-03
41.198730	3.4317743221e-03
41.259766	3.6254244224e-03
41.320801	3.7331213902e-03
41.381836	3.2399526460e-03
41.442871	3.3802654740e-03
41.503906	3.8052966531e-03
41.564941	4.2118946688e-03
41.625977	4.5271792490e-03
41.687012	4.4169871821e-03
41.748047	4.2130442226e-03
41.809082	4.1948761089e-03
41.870117	4.2929189051e-03
41.931152	3.7358481025e-03
41.992188	3.9427318961e-03
42.053223	3.9996713617e-03
42.114258	3.5932635278e-03
42.175293	3.2898802822e-03
42.236328	3.1980881916e-03
42.297363	3.8510820908e-03
42.358398	3.9633864599e-03
42.419434	3.6470046031e-03
42.480469	3.6990944229e-03
42.541504	4.3499852008e-03
42.602539	3.1569371360e-03
42.663574	3.2598689265e-03
42.724609	3.6357749376e-03
42.785645	3.4088368800e-03
42.846680	3.6616331544e-03
42.907715	4.0514006179e-03
42.968750	3.6929248226e-03
43.029785	3.7603292588e-03
43.090820	3.4894231871e-03
43.151855	2.7694779709e-03
43.212891	3.0665836730e-03
43.273926	3.2014082014e-03
43.334961	3.0443324867e-03
43.395996	3.4569677628e-03
43.457031	3.7996917938e-03
43.518066	3.8104948204e-03
43.579102	4.2440481540e-03
43.640137	4.1840086623e-03
43.701172	4.4253035270e-03
43.762207	4.6100226413e-03
43.823242	4.3919570140e-03
43.884277	4.1535617509e-03
43.945312	3.9554188461e-03
44.006348	3.4622483445e-03
44.067383	3.3573120752e-03
44.128418	2.9455784996e-03
44.189453	2.4486469751e-03
44.250488	2.8977715400e-03
44.311523	2.9207656364e-03
44.372559	2.3757895160e-03
44.433594	4.8972434584e-03
44.494629	5.2044151723e-03
44.555664	5.3250487447e-03
44.616699	5.6001484417e-03
44.677734	6.3727876906e-03
44.738770	4.2118352170e-03
44.799805	4.0808637125e-03
44.860840	3.2899346176e-03
44.921875	3.1714885224e-03
44.982910	2.4010350810e-03
45.043945	2.9447659435e-03
45.104980	2.8560490245e-03
45.166016	3.1721561714e-03
45.227051	2.8072078814e-03
45.288086	3.4711608247e-03
45.349121	2.5087232511e-03
45.410156	2.6961566757e-03
45.471191	2.9044024809e-03
45.532227	3.1107320292e-03
45.593262	2.7809367591e-03
45.654297	2.9336898987e-03
45.715332	3.4506777012e-03
45.776367	3.4132284350e-03
45.837402	3.5096394502e-03
45.898438	3.8389016385e-03
45.959473	3.9794223137e-03
46.020508	3.3948516429e-03
46.081543	3.2351193322e-03
46.142578	3.6887199146e-03
46.203613	3.6820118821e-03
46.264648	4.3055854488e-03
46.325684	4.3911785362e-03
46.386719	4.6660929808e-03
46.447754	4.9141693690e-03
46.508789	4.5591793455e-03
46.569824	3.8686596525e-03
46.630859	3.7597484204e-03
46.691895	4.0638574461e-03
46.752930	4.5217148580e-03
46.813965	4.9968752234e-03
46.875000	5.5247761906e-03
46.936035	5.7210193883e-03
46.997070	4.8796524789e-03
47.058105	4.0632243354e-03
47.119141	4.1201644778e-03
47.180176	3.4921023462e-03
47.241211	3.1682916732e-03
47.302246	3.6315105688e-03
47.363281	3.6154248535e-03
47.424316	3.3728003414e-03
47.485352	3.7849305899e-03
47.546387	4.1551556010e-03
47.607422	4.0963494158e-03
47.668457	4.3292439065e-03
47.729492	4.4401877872e-03
47.790527	4.3426796369e-03
47.851562	5.7229105856e-03
47.912598	5.8028072334e-03
47.973633	6.2112467332e-03
48.034668	6.3340123788e-03
48.095703	5.8381302081e-03
48.156738	4.4238274629e-03
48.217773	4.4432338120e-03
48.278809	3.6045169471e-03
48.339844	3.4358587000e-03
48.400879	3.4969697253e-03
48.461914	3.4273533451e-03
48.522949	2.9822096754e-03
48.583984	3.1374800937e-03
48.645020	2.8320329825e-03
48.706055	2.9298988334e-03
48.767090	3.0617062329e-03
48.828125	3.4164845515e-03
48.889160	3.3471646178e-03
48.950195	3.6902819450e-03
49.011230	4.3634674573e-03
49.072266	4.8989645061e-03
49.133301	4.6799810219e-03
49.194336	4.9322227554e-03
49.255371	4.5089346723e-03
49.316406	4.4024577866e-03
49.377441	4.2496400730e-03
49.438477	4.4561481167e-03
49.499512	5.6951772010e-03
49.560547	7.3316922170e-03
49.621582	1.1893342306e-02
49.682617	1.4157621458e-01
49.743652	2.0949569184e-01
49.804688	2.1516429293e-01
49.865723	2.1631087913e-01
49.926758	2.1366532850e-01
49.987793	8.3252123058e-02
50.048828	1.5605222759e-02
50.109863	8.5434917554e-03
50.170898	6.5693384128e-03
50.231934	4.2687768094e-03
50.292969	5.2053167652e-03
50.354004	5.3242513456e-03
50.415039	5.1466970515e-03
50.476074	4.7686541015e-03
50.537109	5.0045746559e-03
50.598145	4.1612726876e-03
50.659180	3.6131275150e-03
50.720215	3.3306557521e-03
50.781250	3.1431059183e-03
50.842285	2.6755277951e-03
50.903320	2.4823174814e-03
50.964355	2.6517614822e-03
51.025391	3.2269675331e-03
51.086426	3.4203682402e-03
51.147461	3.6621887952e-03
51.208496	3.7814920222e-03
51.269531	4.2042407314e-03
51.330566	3.7844307886e-03
51.391602	3.4824686213e-03
51.452637	3.5191064545e-03
51.513672	3.4584418731e-03
51.574707	4.2543913219e-03
51.635742	4.3581546026e-03
51.696777	4.4124304533e-03
51.757812	4.2356738669e-03
51.818848	4.2522152829e-03
51.879883	3.3353601140e-03
51.940918	3.2450497560e-03
52.001953	3.1164497477e-03
52.062988	3.2065151990e-03
52.124023	3.3145329422e-03
52.185059	2.9957970710e-03
52.246094	3.5284760236e-03
52.307129	3.8855952683e-03
52.368164	4.2908192998e-03
52.429199	4.3666945917e-03
52.490234	5.0798134018e-03
52.551270	4.3482561585e-03
52.612305	3.7851867416e-03
52.673340	3.2530608246e-03
52.734375	3.1749212376e-03
52.795410	3.0501732353e-03
52.856445	3.6073394039e-03
52.917480	4.0803935921e-03
52.978516	4.5377996641e-03
53.039551	4.7644823179e-03
53.100586	3.9533824991e-03
53.161621	4.7127557475e-03
53.222656	5.7916892807e-03
53.283691	5.9902280805e-03
53.344727	5.7592954743e-03
53.405762	5.8214058823e-03
53.466797	4.6195485742e-03
53.527832	3.8372580725e-03
53.588867	3.9943104821e-03
53.649902	4.3775273654e-03
53.710938	5.9359247068e-03
53.771973	6.2393043260e-03
53.833008	6.4758666434e-03
53.894043	5.7656858235e-03
53.955078	5.3040566021e-03
54.016113	4.6331163609e-03
54.077148	4.8602274320e-03
54.138184	4.6687421470e-03
54.199219	5.4471758348e-03
54.260254	5.6105315358e-03
54.321289	4.7845474510e-03
54.382324	4.7227443180e-03
54.443359	4.4132132931e-03
54.504395	3.5774826870e-03
54.565430	3.4409611135e-03
54.626465	3.2498919374e-03
54.687500	2.9341323464e-03
54.748535	2.4996334383e-03
54.809570	2.5122105872e-03
54.870605	2.5673794898e-03
54.931641	3.3951114292e-03
54.992676	3.8996017039e-03
55.053711	4.3265278569e-03
55.114746	3.9421370293e-03
55.175781	3.7095447086e-03
55.236816	3.1022479369e-03
55.297852	2.8840385734e-03
55.358887	2.5893871212e-03
55.419922	3.7289395117e-03
55.480957	4.2250319748e-03
55.541992	3.9504649494e-03
55.603027	4.4083283362e-03
55.664062	5.1030962173e-03
55.725098	4.6341472608e-03
55.786133	4.4487234219e-03
55.847168	4.5144803489e-03
55.908203	3.9548058139e-03
55.969238	4.6993695242e-03
56.030273	4.7307377309e-03
56.091309	4.7957494990e-03
56.152344	5.5688987975e-03
56.213379	5.2048369135e-03
56.274414	4.0548839839e-03
56.335449	3.7406303411e-03
56.396484	3.2601257661e-03
56.457520	2.7555084558e-03
56.518555	3.4929763297e-03
56.579590	3.2649988018e-03
56.640625	3.4809924720e-03
56.701660	3.3417790387e-03
56.762695	3.5086765582e-03
56.823730	2.7202640077e-03
56.884766	2.6414759886e-03
56.945801	3.1999320044e-03
57.006836	3.9300623759e-03
57.067871	3.9121909072e-03
57.128906	4.2040833566e-03
57.189941	4.5941339895e-03
57.250977	3.9031294289e-03
57.312012	3.7072076740e-03
57.373047	3.7717781995e-03
57.434082	3.6437255389e-03
57.495117	3.3052323887e-03
57.556152	3.4536557052e-03
57.617188	4.2338433825e-03
57.678223	4.1104949813e-03
57.739258	4.1710378680e-03
57.800293	4.1561864365e-03
57.861328	3.7466406427e-03
57.922363	2.8723932619e-03
57.983398	2.6044478618e-03
58.044434	2.4340821825e-03
58.105469	2.7732091619e-03
58.166504	4.0825351572e-03
58.227539	3.9970473211e-03
58.288574	4.6524323736e-03
58.349609	4.4446709420e-03
58.410645	4.1770991739e-03
58.471680	3.8747296370e-03
58.532715	4.4566286524e-03
58.593750	4.2025211666e-03
58.654785	5.3253492656e-03
58.715820	5.7384976525e-03
58.776855	5.4162554549e-03
58.837891	5.2678661907e-03
58.898926	5.0331820984e-03
58.959961	3.8735560701e-03
59.020996	3.5390663841e-03
59.082031	3.4074301273e-03
59.143066	3.2696771451e-03
59.204102	3.2952754677e-03
59.265137	3.7089783979e-03
59.326172	3.5878329566e-03
59.387207	3.1424170020e-03
59.448242	3.2815486484e-03
59.509277	4.1233607140e-03
59.570312	5.3033155205e-03
59.631348	5.0642455714e-03
59.692383	5.1087026947e-03
59.753418	5.4281127210e-03
59.814453	4.9835085018e-03
59.875488	5.0150610261e-03
59.936523	5.4324853479e-03
59.997559	5.3906661139e-03
60.058594	4.6631040777e-03
60.119629	3.9839178328e-03
60.180664	2.7983690316e-03
60.241699	2.7440932742e-03
60.302734	2.9236736367e-03
60.363770	3.0834009262e-03
60.424805	3.2386585307e-03
60.485840	3.6624856702e-03
60.546875	3.3923487053e-03
60.607910	4.0777457882e-03
60.668945	3.7537641487e-03
60.729980	3.6950780433e-03
60.791016	4.4168341882e-03
60.852051	4.6115125542e-03
60.913086	4.4685460378e-03
60.974121	4.5778453204e-03
61.035156	5.8908367538e-03
61.096191	4.6171255449e-03
61.157227	4.3482344651e-03
61.218262	5.0966301448e-03
61.279297	5.5232465961e-03
61.340332	4.3128550643e-03
61.401367	4.4516728730e-03
61.462402	5.6471285925e-03
61.523438	4.9391098724e-03
61.584473	4.8469786640e-03
61.645508	5.7648625415e-03
61.706543	6.3446314507e-03
61.767578	5.4177535455e-03
61.828613	4.7878997256e-03
61.889648	4.3478932123e-03
61.950684	3.3504617632e-03
62.011719	3.0371887001e-03
62.072754	3.0143377857e-03
62.133789	3.2834905178e-03
62.194824	4.4307780211e-03
62.255859	5.2747622115e-03
62.316895	4.9131440411e-03
62.377930	5.0116925752e-03
62.438965	5.1966078845e-03
62.500000	4.6468327914e-03
62.561035	4.5246215780e-03
62.622070	4.4586798780e-03
62.683105	4.1613219148e-03
62.744141	3.7073245935e-03
62.805176	3.8280695516e-03
62.866211	4.0474527728e-03
62.927246	4.4805959169e-03
62.988281	5.2966401444e-03
63.049316	5.4083444412e-03
63.110352	5.3046850348e-03
63.171387	4.1229656386e-03
63.232422	4.3600595327e-03
63.293457	3.3566262898e-03
63.354492	3.4272037218e-03
63.415527	2.8455310883e-03
63.476562	3.2087439742e-03
63.537598	2.4504532997e-03
63.598633	2.8743715501e-03
63.659668	2.6169378407e-03
63.720703	3.1251251394e-03
63.781738	3.0837594108e-03
63.842773	3.1537259161e-03
63.903809	3.1385727224e-03
63.964844	3.0245095461e-03
64.025879	3.1014109798e-03
64.086914	3.0926127326e-03
64.147949	3.0599238062e-03
64.208984	2.9247432634e-03
64.270020	3.8797857944e-03
64.331055	3.5582744138e-03
64.392090	3.9129139523e-03
64.453125	4.1281388842e-03
64.514160	4.2807424949e-03
64.575195	4.1683223782e-03
64.636230	3.8841621759e-03
64.697266	3.4258939795e-03
64.758301	3.0938466443e-03
64.819336	4.2100307543e-03
64.880371	3.4118335862e-03
64.941406	3.5962977388e-03
65.002441	3.5763001656e-03
65.063477	3.4128099568e-03
65.124512	1.9802935770e-03
65.185547	2.3925919573e-03
65.246582	2.3554258500e-03
65.307617	2.5032183990e-03
65.368652	2.6701248990e-03
65.429688	3.3780203017e-03
65.490723	3.4895471427e-03
65.551758	4.1930916665e-03
65.612793	4.3924653469e-03
65.673828	4.7569192872e-03
65.734863	4.1401973429e-03
65.795898	4.3906179313e-03
65.856934	4.3304382243e-03
65.917969	4.3404426280e-03
65.979004	4.1967611123e-03
66.040039	4.2823838248e-03
66.101074	4.5431446638e-03
66.162109	4.0707752898e-03
66.223145	4.1230615252e-03
66.284180	4.0153311585e-03
66.345215	3.8283673339e-03
66.406250	2.8987564462e-03
66.467285	2.6347420795e-03
66.528320	2.5984652116e-03
66.589355	3.1597829197e-03
66.650391	3.3965392205e-03
66.711426	3.8141170653e-03
66.772461	4.1161370128e-03
66.833496	5.4958132675e-03
66.894531	5.4864594875e-03
66.955566	5.7898934041e-03
67.016602	6.7430019534e-03
67.077637	6.3303668060e-03
67.138672	4.6732462885e-03
67.199707	4.0716917322e-03
67.260742	3.6580902600e-03
67.321777	2.9628643653e-03
67.382812	3.2406173336e-03
67.443848	3.5792916233e-03
67.504883	4.0529008249e-03
67.565918	4.0400325918e-03
67.626953	3.2172053403e-03
67.687988	3.1535744825e-03
67.749023	3.2608419137e-03
67.810059	3.2012394530e-03
67.871094	4.3691761587e-03
67.932129	4.2176980257e-03
67.993164	4.5169429521e-03
68.054199	5.2020951672e-03
68.115234	4.9235542047e-03
68.176270	3.9405483531e-03
68.237305	4.2691575942e-03
68.298340	3.9066037857e-03
68.359375	3.1109935146e-03
68.420410	3.7685446469e-03
68.481445	3.5754628515e-03
68.542480	3.7562308433e-03
68.603516	3.8081270933e-03
68.664551	4.1245813107e-03
68.725586	3.9846524193e-03
68.786621	3.9479802029e-03
68.847656	3.6311498414e-03
68.908691	4.6746027748e-03
68.969727	4.4754481908e-03
69.030762	5.2289743499e-03
69.091797	5.4785254283e-03
69.152832	6.4332430332e-03
69.213867	6.3337717194e-03
69.274902	7.0208040983e-03
69.335938	6.3743914998e-03
69.396973	6.7730801931e-03
69.458008	5.9476767389e-03
69.519043	5.1564936002e-03
69.580078	5.4094500757e-03
69.641113	4.9918137388e-03
69.702148	4.4331195481e-03
69.763184	4.5085039072e-03
69.824219	4.3961815049e-03
69.885254	3.0830057580e-03
69.946289	3.1880296292e-03
70.007324	3.2717407809e-03
70.068359	3.0980548743e-03
70.129395	2.8509219041e-03
70.190430	2.6650783231e-03
70.251465	2.1822063692e-03
70.312500	2.1806852463e-03
70.373535	2.2396919801e-03
70.434570	3.2903713313e-03
70.495605	3.0618623839e-03
70.556641	4.0283420399e-03
70.617676	4.3302456014e-03
70.678711	4.1841623946e-03
70.739746	3.3290768708e-03
70.800781	4.3728942834e-03
70.861816	3.3295197614e-03
70.922852	2.8357333771e-03
70.983887	3.0886908904e-03
71.044922	3.3492176191e-03
71.105957	2.7035553457e-03
71.166992	3.1875115130e-03
71.228027	3.1206617608e-03
71.289062	3.1156945506e-03
71.350098	3.4045990208e-03
71.411133	3.8939958004e-03
71.472168	4.3646443298e-03
71.533203	5.8272071240e-03
71.594238	5.9113207799e-03
71.655273	5.4838730571e-03
71.716309	5.3342741983e-03
71.777344	4.7279822917e-03
71.838379	4.2677098508e-03
71.899414	4.4640089739e-03
71.960449	4.2267998677e-03
72.021484	4.0752566671e-03
72.082520	4.5644108728e-03
72.143555	3.8931716767e-03
72.204590	3.6735516026e-03
72.265625	3.6814944036e-03
72.326660	3.7562013316e-03
72.387695	3.2342421806e-03
72.448730	4.0861311958e-03
72.509766	3.8992019193e-03
72.570801	4.1206745336e-03
72.631836	4.3268352195e-03
72.692871	4.1220016147e-03
72.753906	3.5949159138e-03
72.814941	3.8540591657e-03
72.875977	4.3322510369e-03
72.937012	3.4836180093e-03
72.998047	4.0544753105e-03
73.059082	4.2605428870e-03
73.120117	5.0956242414e-03
73.181152	4.5496709360e-03
73.242188	5.4840662156e-03
73.303223	4.8156932517e-03
73.364258	4.9650021586e-03
73.425293	4.1551902225e-03
73.486328	4.8313936625e-03
73.547363	3.9539180796e-03
73.608398	4.2276668633e-03
73.669434	3.1079449241e-03
73.730469	3.1659787274e-03
73.791504	2.5184277665e-03
73.852539	3.2791026926e-03
73.913574	3.2699668832e-03
73.974609	3.6538790725e-03
74.035645	3.2995592504e-03
74.096680	3.2454662454e-03
74.157715	3.3333955773e-03
74.218750	3.1736706520e-03
74.279785	3.7114150621e-03
74.340820	4.0299504552e-03
74.401855	4.4733460695e-03
74.462891	3.8553912831e-03
74.523926	3.9392779071e-03
74.584961	3.3416365298e-03
74.645996	3.1806687075e-03
74.707031	4.0126581484e-03
74.768066	4.7195631100e-03
74.829102	4.8905850891e-03
74.890137	5.0454473989e-03
74.951172	5.4615210685e-03
75.012207	4.5177303881e-03
75.073242	3.5388497206e-03
75.134277	3.4236093980e-03
75.195312	3.0074911388e-03
75.256348	2.4175309687e-03
75.317383	2.6301981855e-03
75.378418	4.2169229398e-03
75.439453	5.0912208455e-03
75.500488	6.0566057758e-03
75.561523	6.5437510745e-03
75.622559	6.9980022288e-03
75.683594	6.0668598195e-03
75.744629	4.9812315679e-03
75.805664	4.1155992452e-03
75.866699	4.0603353834e-03
75.927734	3.3783544905e-03
75.988770	3.5820164006e-03
76.049805	4.0142793380e-03
76.110840	4.3234589889e-03
76.171875	3.9503580803e-03
76.232910	3.9512719749e-03
76.293945	4.2058084358e-03
76.354980	3.8923895715e-03
76.416016	3.9841673376e-03
76.477051	4.1446524075e-03
76.538086	4.2146992229e-03
76.599121	3.6125170112e-03
76.660156	3.8429092264e-03
76.721191	3.1889921994e-03
76.782227	2.9573166741e-03
76.843262	2.7527626523e-03
76.904297	2.2271412525e-03
76.965332	1.9395287990e-03
77.026367	2.9144780825e-03
77.087402	3.0188589390e-03
77.148438	3.2198625648e-03
77.209473	3.1244726921e-03
77.270508	3.6023142132e-03
77.331543	3.5561025247e-03
77.392578	4.1686350108e-03
77.453613	4.6348412808e-03
77.514648	5.6134499719e-03
77.575684	6.1657281043e-03
77.636719	5.6612691157e-03
77.697754	4.9785394998e-03
77.758789	4.3665637195e-03
77.819824	3.6688023984e-03
77.880859	2.7999407821e-03
77.941895	3.2930351098e-03
78.002930	3.9008416237e-03
78.063965	4.3460302644e-03
78.125000	4.4023515268e-03
78.186035	4.1911344340e-03
78.247070	3.5201354736e-03
78.308105	3.0638265649e-03
78.369141	2.0899084819e-03
78.430176	2.7328523351e-03
78.491211	2.8893943128e-03
78.552246	4.0034583818e-03
78.613281	3.9165956212e-03
78.674316	4.8497896606e-03
78.735352	4.3416862029e-03
78.796387	4.5560844435e-03
78.857422	4.2083393656e-03
78.918457	4.3985723688e-03
78.979492	4.1920191994e-03
79.040527	4.3404571698e-03
79.101562	4.0841047487e-03
79.162598	3.9137032055e-03
79.223633	3.8232410872e-03
79.284668	3.8291750465e-03
79.345703	4.0599615759e-03
79.406738	4.5017454838e-03
79.467773	4.8116468542e-03
79.528809	4.7751386039e-03
79.589844	4.7119327901e-03
79.650879	4.4073152208e-03
79.711914	3.9778393976e-03
79.772949	3.0460920259e-03
79.833984	2.8236487880e-03
79.895020	2.8942203514e-03
79.956055	3.0783982934e-03
80.017090	2.9326048535e-03
80.078125	4.1688129269e-03
80.139160	4.7312671629e-03
80.200195	4.4033925396e-03
80.261230	3.8337085976e-03
80.322266	4.0940263776e-03
80.383301	3.1950073483e-03
80.444336	3.2831416690e-03
80.505371	3.2461923343e-03
80.566406	3.9654081050e-03
80.627441	4.1034526582e-03
80.688477	4.5130112013e-03
80.749512	3.8285142097e-03
80.810547	3.4011881023e-03
80.871582	2.7938235822e-03
80.932617	2.6423986813e-03
80.993652	2.5040381283e-03
81.054688	3.2207075735e-03
81.115723	3.5285145799e-03
81.176758	3.9466220756e-03
81.237793	4.0180072131e-03
81.298828	3.8252964151e-03
81.359863	3.5137196635e-03
81.420898	3.8065379026e-03
81.481934	3.5728427237e-03
81.542969	3.2924786777e-03
81.604004	2.9575090529e-03
81.665039	3.2564124053e-03
81.726074	3.1055341572e-03
81.787109	3.1244415809e-03
81.848145	3.2422313125e-03
81.909180	3.5985064372e-03
81.970215	3.2557145097e-03
82.031250	3.3517660642e-03
82.092285	3.2426646994e-03
82.153320	4.0728739241e-03
82.214355	4.3782955026e-03
82.275391	4.0989541104e-03
82.336426	4.0278754640e-03
82.397461	4.0746325128e-03
82.458496	3.3760828284e-03
82.519531	3.1089073353e-03
82.580566	3.5655728642e-03
82.641602	3.5313284677e-03
82.702637	3.4415418105e-03
82.763672	3.6043882113e-03
82.824707	3.4502370142e-03
82.885742	3.4401405611e-03
82.946777	3.3647026031e-03
83.007812	3.7289895372e-03
83.068848	3.8229814596e-03
83.129883	3.5441733961e-03
83.190918	3.1936574888e-03
83.251953	3.2632401909e-03
83.312988	3.4780854513e-03
83.374023	3.4439295967e-03
83.435059	3.3940143148e-03
83.496094	3.8720288796e-03
83.557129	4.5898329050e-03
83.618164	5.5523358401e-03
83.679199	6.1255897898e-03
83.740234	6.3930799977e-03
83.801270	5.5406250386e-03
83.862305	5.2107008981e-03
83.923340	3.6507804315e-03
83.984375	2.8275357492e-03
84.045410	2.8033831727e-03
84.106445	3.3541107622e-03
84.167480	2.8486235761e-03
84.228516	2.9750382840e-03
84.289551	2.7891676331e-03
84.350586	3.0660193517e-03
84.411621	2.6242251113e-03
84.472656	2.7330305054e-03
84.533691	3.3867816873e-03
84.594727	3.2560204477e-03
84.655762	4.1381498207e-03
84.716797	5.0312126768e-03
84.777832	5.2333554351e-03
84.838867	5.4025015248e-03
84.899902	5.7084680423e-03
84.960938	4.5950715423e-03
85.021973	4.4333434330e-03
85.083008	4.2866229777e-03
85.144043	3.4021910931e-03
85.205078	4.0394129562e-03
85.266113	4.5165272355e-03
85.327148	3.8894767328e-03
85.388184	3.3465789311e-03
85.449219	3.3617906037e-03
85.510254	2.3755706450e-03
85.571289	2.2899503535e-03
85.632324	2.5347421300e-03
85.693359	2.9027427740e-03
85.754395	2.5459855772e-03
85.815430	3.6721233788e-03
85.876465	2.8185089058e-03
85.937500	2.9340861528e-03
85.998535	2.6193224827e-03
86.059570	3.0744188435e-03
86.120605	1.9991646546e-03
86.181641	2.7149047600e-03
86.242676	3.5553638360e-03
86.303711	4.1830155376e-03
86.364746	4.1197679199e-03
86.425781	4.8715583767e-03
86.486816	4.6700582427e-03
86.547852	4.6459319594e-03
86.608887	4.4786062004e-03
86.669922	4.3264122959e-03
86.730957	3.7335354427e-03
86.791992	3.9053627246e-03
86.853027	3.7710186239e-03
86.914062	4.4045500237e-03
86.975098	4.7123497737e-03
87.036133	4.7806973233e-03
87.097168	4.5475910048e-03
87.158203	3.4280312449e-03
87.219238	2.5447483083e-03
87.280273	2.2200566324e-03
87.341309	2.0776513178e-03
87.402344	1.9005245021e-03
87.463379	2.6897759670e-03
87.524414	2.9690973882e-03
87.585449	3.2660848189e-03
87.646484	3.1856706875e-03
87.707520	3.9677604775e-03
87.768555	3.8378901131e-03
87.829590	3.5379100985e-03
87.890625	3.9315546134e-03
87.951660	4.4624012920e-03
88.012695	3.6515338574e-03
88.073730	3.8834126011e-03
88.134766	3.8851666442e-03
88.195801	4.4160293333e-03
88.256836	3.8999752063e-03
88.317871	4.3461600209e-03
88.378906	3.3893107016e-03
88.439941	3.6317602806e-03
88.500977	2.8288636496e-03
88.562012	2.9571137195e-03
88.623047	2.9687784550e-03
88.684082	3.0968552639e-03
88.745117	3.2868800355e-03
88.806152	3.1651220795e-03
88.867188	3.6895643513e-03
88.928223	3.7585422011e-03
88.989258	3.6487644671e-03
89.050293	3.1785317048e-03
89.111328	3.1537380567e-03
89.172363	2.5332902419e-03
89.233398	2.0700937812e-03
89.294434	2.5516487562e-03
89.355469	2.8034973425e-03
89.416504	3.5114198904e-03
89.477539	4.2305093080e-03
89.538574	4.6885561794e-03
89.599609	5.1304133039e-03
89.660645	5.4868686688e-03
89.721680	4.8128828612e-03
89.782715	5.1602198412e-03
89.843750	4.9890554286e-03
89.904785	4.9780008869e-03
89.965820	4.7128738603e-03
90.026855	4.8112780037e-03
90.087891	4.1733522732e-03
90.148926	3.9589216629e-03
90.209961	3.7012812923e-03
90.270996	3.5065676229e-03
90.332031	4.2108982977e-03
90.393066	3.9085424134e-03
90.454102	4.4072696898e-03
90.515137	4.3480529779e-03
90.576172	4.7750863144e-03
90.637207	4.0337619305e-03
90.698242	4.0320074209e-03
90.759277	3.6550130094e-03
90.820312	3.5201895948e-03
90.881348	3.2277789894e-03
90.942383	2.9578411633e-03
91.003418	3.2983250105e-03
91.064453	3.2230013584e-03
91.125488	2.7122010179e-03
91.186523	2.8632422759e-03
91.247559	3.0727846955e-03
91.308594	2.9685500473e-03
91.369629	3.4169174909e-03
91.430664	3.4761128739e-03
91.491699	3.1774357285e-03
91.552734	2.9092122989e-03
91.613770	2.5708788908e-03
91.674805	3.4887938566e-03
91.735840	3.7086033086e-03
91.796875	4.4621075331e-03
91.857910	4.2992781780e-03
91.918945	4.8155389024e-03
91.979980	3.2984352145e-03
92.041016	4.7715839419e-03
92.102051	3.9274650735e-03
92.163086	4.3676913779e-03
92.224121	3.7871309943e-03
92.285156	3.6806429252e-03
92.346191	2.0082819015e-03
92.407227	2.0940844340e-03
92.468262	1.9132428699e-03
92.529297	2.3343852692e-03
92.590332	2.1828440544e-03
92.651367	2.3337341576e-03
92.712402	2.6017960782e-03
92.773438	2.3277329218e-03
92.834473	2.2976203919e-03
92.895508	2.9148790450e-03
92.956543	2.9303944857e-03
93.017578	2.8310859634e-03
93.078613	3.6442350442e-03
93.139648	3.7682828955e-03
93.200684	3.3175499411e-03
93.261719	3.1912214261e-03
93.322754	3.3097835177e-03
93.383789	2.7176237521e-03
93.444824	3.1856596265e-03
93.505859	3.9996903327e-03
93.566895	4.6236697240e-03
93.627930	4.2388653980e-03
93.688965	4.0410128126e-03
93.750000	3.3501256572e-03
93.811035	2.5103053341e-03
93.872070	2.1484200081e-03
93.933105	2.2068336070e-03
93.994141	2.5642261102e-03
94.055176	2.3038464280e-03
94.116211	2.0569300224e-03
94.177246	1.8507113005e-03
94.238281	2.4116991938e-03
94.299316	2.1777655754e-03
94.360352	2.1473089724e-03
94.421387	3.1905032302e-03
94.482422	3.1797076426e-03
94.543457	3.0869462315e-03
94.604492	3.1319284062e-03
94.665527	3.5232273038e-03
94.726562	3.2896114101e-03
94.787598	3.9032116105e-03
94.848633	3.4531804178e-03
94.909668	4.4326319872e-03
94.970703	4.1691901761e-03
95.031738	3.9375097288e-03
95.092773	3.9449913374e-03
95.153809	3.8625434034e-03
95.214844	2.9016637118e-03
95.275879	2.9159503125e-03
95.336914	2.9446378462e-03
95.397949	2.4891238124e-03
95.458984	3.2920609341e-03
95.520020	3.2225995310e-03
95.581055	3.9257298488e-03
95.642090	4.0754699369e-03
95.703125	4.1124192284e-03
95.764160	3.4654475458e-03
95.825195	4.1099183359e-03
95.886230	4.1881893936e-03
95.947266	4.1988895731e-03
96.008301	4.7674956457e-03
96.069336	4.6218706822e-03
96.130371	4.4341412453e-03
96.191406	4.0575916140e-03
96.252441	4.3835516764e-03
96.313477	4.3089950715e-03
96.374512	4.5990809431e-03
96.435547	4.3319381965e-03
96.496582	5.9774904352e-03
96.557617	6.7120371670e-03
96.618652	6.7269015393e-03
96.679688	6.6882189364e-03
96.740723	6.9157959444e-03
96.801758	4.8543813187e-03
96.862793	4.3492143748e-03
96.923828	4.0718653442e-03
96.984863	4.2865161942e-03
97.045898	4.7181559810e-03
97.106934	5.3536790478e-03
97.167969	4.6119590750e-03
97.229004	4.2727665274e-03
97.290039	3.9252838712e-03
97.351074	3.4414527691e-03
97.412109	3.1436133443e-03
97.473145	4.1896137856e-03
97.534180	4.7670919350e-03
97.595215	5.1449371770e-03
97.656250	5.9573133177e-03
97.717285	5.8257957384e-03
97.778320	4.6982880676e-03
97.839355	4.7506429004e-03
97.900391	4.9582657569e-03
97.961426	4.3772386163e-03
98.022461	4.3630472724e-03
98.083496	4.1454683421e-03
98.144531	4.4061947392e-03
98.205566	4.0872559832e-03
98.266602	3.5833124756e-03
98.327637	3.4035990827e-03
98.388672	3.4061986983e-03
98.449707	2.9643476073e-03
98.510742	2.4600552865e-03
98.571777	2.5777918853e-03
98.632812	2.8724294507e-03
98.693848	3.0412353380e-03
98.754883	2.4504855202e-03
98.815918	2.7702891435e-03
98.876953	2.9526248678e-03
98.937988	3.0694697983e-03
98.999023	2.8171659505e-03
99.060059	3.2738503204e-03
99.121094	3.4411884360e-03
99.182129	4.4553500489e-03
99.243164	4.2004057571e-03
99.304199	4.3812862396e-03
99.365234	3.9133863728e-03
99.426270	3.6430876409e-03
99.487305	3.0297334149e-03
99.548340	3.4756883758e-03
99.609375	3.9443739915e-03
99.670410	5.4084702887e-03
99.731445	6.0480717074e-03
99.792480	6.1419550970e-03
99.853516	6.1551104184e-03
99.914551	6.1241775604e-03
99.975586	5.0140971252e-03
100.036621	5.0117349808e-03
100.097656	3.9952759731e-03
100.158691	3.3598849555e-03
100.219727	2.9829691123e-03
100.280762	3.4054670264e-03
100.341797	3.2313963214e-03
100.402832	3.5397196773e-03
100.463867	3.6324895563e-03
100.524902	3.5770758423e-03
100.585938	3.1119733874e-03
100.646973	2.5129337531e-03
100.708008	2.4042447189e-03
100.769043	3.0760841137e-03
100.830078	3.5106269495e-03
100.891113	3.7651978141e-03
100.952148	3.7876928857e-03
101.013184	3.8375481332e-03
101.074219	3.1288649557e-03
101.135254	2.7280433498e-03
101.196289	2.2959293989e-03
101.257324	2.3861724840e-03
101.318359	2.3251941462e-03
101.379395	2.8691357770e-03
101.440430	3.3857640902e-03
101.501465	3.7195078632e-03
101.562500	3.6530790980e-03
101.623535	4.5854761018e-03
101.684570	3.8661241171e-03
101.745605	3.4406100041e-03
101.806641	3.4090835143e-03
101.867676	4.0092247673e-03
101.928711	4.1342824736e-03
101.989746	4.9261121615e-03
102.050781	5.0490803746e-03
102.111816	4.5553074526e-03
102.172852	4.9291634060e-03
102.233887	4.1090361254e-03
102.294922	4.2128033914e-03
102.355957	4.0728183311e-03
102.416992	4.7271771143e-03
102.478027	4.3763128668e-03
102.539062	4.7589924910e-03
102.600098	4.5934795762e-03
102.661133	4.3760838703e-03
102.722168	4.6362567363e-03
102.783203	5.0368490104e-03
102.844238	4.6124455822e-03
102.905273	3.9605720909e-03
102.966309	4.9245321975e-03
103.027344	4.8220043238e-03
103.088379	4.9098654906e-03
103.149414	5.0764953549e-03
103.210449	5.9834739214e-03
103.271484	5.4691724710e-03
103.332520	5.4023547368e-03
103.393555	5.0123505324e-03
103.454590	5.0457202690e-03
103.515625	4.0893315282e-03
103.576660	3.7528554279e-03
103.637695	2.9641061093e-03
103.698730	2.8546185831e-03
103.759766	2.7315092194e-03
103.820801	3.3423242572e-03
103.881836	3.6970898688e-03
103.942871	4.4913570545e-03
104.003906	4.2613510544e-03
104.064941	5.0656844467e-03
104.125977	5.0228704413e-03
104.187012	5.0975083636e-03
104.248047	4.6239305652e-03
104.309082	4.2259448568e-03
104.370117	3.6326997528e-03
104.431152	3.7586429224e-03
104.492188	3.6917725342e-03
104.553223	3.6595977984e-03
104.614258	4.0042766673e-03
104.675293	4.2754633994e-03
104.736328	3.7879607078e-03
104.797363	3.6410025049e-03
104.858398	3.8036734568e-03
104.919434	4.5325982658e-03
104.980469	3.8246269671e-03
105.041504	4.7177183513e-03
105.102539	4.4590788604e-03
105.163574	4.0438674789e-03
105.224609	3.7971091124e-03
105.285645	4.1742933308e-03
105.346680	3.4794691002e-03
105.407715	3.5568384198e-03
105.468750	4.3131802276e-03
105.529785	4.0059622918e-03
105.590820	3.8448273902e-03
105.651855	3.5865770227e-03
105.712891	3.4480688248e-03
105.773926	2.9408084890e-03
105.834961	2.4720726602e-03
105.895996	2.1600437693e-03
105.957031	2.5348190748e-03
106.018066	2.8615900491e-03
106.079102	3.1717470968e-03
106.140137	3.2589786653e-03
106.201172	3.3519097908e-03
106.262207	3.2780035373e-03
106.323242	3.6991929823e-03
106.384277	3.4713287168e-03
106.445312	3.7343057148e-03
106.506348	3.7574385464e-03
106.567383	3.3812779303e-03
106.628418	3.1506218353e-03
106.689453	2.9944003857e-03
106.750488	3.4339721305e-03
106.811523	3.6759862833e-03
106.872559	4.1801264368e-03
106.933594	4.0518733550e-03
106.994629	4.3288407468e-03
107.055664	3.8664280422e-03
107.116699	3.6598782279e-03
107.177734	3.7897322515e-03
107.238770	3.4578166994e-03
107.299805	3.3149643635e-03
107.360840	3.1945206717e-03
107.421875	3.0231277063e-03
107.482910	2.5671718915e-03
107.543945	2.8822952897e-03
107.604980	2.8090533575e-03
107.666016	3.6760865757e-03
107.727051	4.1934355232e-03
107.788086	4.8580731861e-03
107.849121	4.7284248133e-03
107.910156	4.5708279373e-03
107.971191	3.1862385490e-03
108.032227	3.1028657877e-03
108.093262	2.1868562437e-03
108.154297	2.0497061983e-03
108.215332	1.9328666901e-03
108.276367	2.2871188235e-03
108.337402	2.5889109062e-03
108.398438	2.9124638221e-03
108.459473	2.8163118382e-03
108.520508	4.0096880599e-03
108.581543	4.5281466273e-03
108.642578	4.1497064797e-03
108.703613	4.6103494295e-03
108.764648	4.8261688199e-03
108.825684	4.3442850100e-03
108.886719	4.2760828471e-03
108.947754	4.3523600261e-03
109.008789	4.1681307936e-03
109.069824	3.8486116226e-03
109.130859	3.3139035251e-03
109.191895	3.6089616601e-03
109.252930	3.3670215984e-03
109.313965	3.2552533152e-03
109.375000	3.8114798387e-03
109.436035	3.9196522055e-03
109.497070	3.5659204478e-03
109.558105	3.6854288577e-03
109.619141	4.2410918344e-03
109.680176	3.9977648858e-03
109.741211	4.0046482900e-03
109.802246	4.4372720624e-03
109.863281	4.2560137862e-03
109.924316	3.7172029638e-03
109.985352	3.4793980800e-03
110.046387	3.4683391559e-03
110.107422	2.7694683834e-03
110.168457	3.3151377088e-03
110.229492	3.1690634254e-03
110.290527	3.2497010257e-03
110.351562	3.2210451860e-03
110.412598	2.9129715984e-03
110.473633	3.2997460152e-03
110.534668	3.0538019595e-03
110.595703	3.5701252567e-03
110.656738	3.7618311136e-03
110.717773	3.9052315342e-03
110.778809	3.5451786462e-03
110.839844	4.2850363397e-03
110.900879	3.7537381071e-03
110.961914	3.9814908768e-03
111.022949	3.9023566043e-03
111.083984	3.4007691561e-03
111.145020	3.6325798774e-03
111.206055	4.4331521066e-03
111.267090	4.2072954498e-03
111.328125	4.5922178594e-03
111.389160	4.5642118374e-03
111.450195	4.5191021965e-03
111.511230	3.9019524886e-03
111.572266	4.0451781873e-03
111.633301	3.9574547034e-03
111.694336	4.0079373984e-03
111.755371	3.2453817314e-03
111.816406	2.8426669472e-03
111.877441	2.6371901707e-03
111.938477	3.5142876319e-03
111.999512	3.4054395562e-03
112.060547	3.7410032302e-03
112.121582	4.1972187345e-03
112.182617	4.2341120947e-03
112.243652	3.0088956512e-03
112.304688	3.2078074758e-03
112.365723	2.9943350113e-03
112.426758	2.9013400222e-03
112.487793	3.7815955631e-03
112.548828	4.9047482473e-03
112.609863	5.1838524216e-03
112.670898	5.2070374493e-03
112.731934	5.1767361596e-03
112.792969	3.8541222083e-03
112.854004	3.0487149398e-03
112.915039	2.5941427103e-03
112.976074	3.4330034013e-03
113.037109	4.3477944307e-03
113.098145	4.6858810135e-03
113.159180	5.0308272130e-03
113.220215	5.2908140093e-03
113.281250	4.2303298376e-03
113.342285	3.7698654180e-03
113.403320	4.1150711464e-03
113.464355	3.9526426558e-03
113.525391	3.8540996050e-03
113.586426	5.0452872122e-03
113.647461	4.2992023151e-03
113.708496	4.1621374198e-03
113.769531	3.7977043493e-03
113.830566	3.9808284505e-03
113.891602	2.7736814342e-03
113.952637	3.1887305643e-03
114.013672	2.9439083688e-03
114.074707	3.1004756056e-03
114.135742	2.9380809590e-03
114.196777	3.2836273479e-03
114.257812	3.8193391678e-03
114.318848	3.9811641436e-03
114.379883	4.1619366873e-03
114.440918	4.4778223097e-03
114.501953	4.3653153856e-03
114.562988	3.7091333877e-03
114.624023	3.6731583487e-03
114.685059	3.2974419434e-03
114.746094	2.7653302646e-03
114.807129	2.4615721098e-03
114.868164	2.7042915685e-03
114.929199	2.5764776648e-03
114.990234	2.8355145878e-03
115.051270	2.7783027657e-03
115.112305	2.6299989391e-03
115.173340	2.8023679669e-03
115.234375	3.1598001411e-03
115.295410	3.0543538484e-03
115.356445	3.1609282107e-03
115.417480	3.9128340596e-03
115.478516	4.1586625607e-03
115.539551	4.0650751138e-03
115.600586	4.0980949095e-03
115.661621	4.1189787797e-03
115.722656	3.7023543822e-03
115.783691	3.6129313526e-03
115.844727	3.7779484909e-03
115.905762	5.1109956437e-03
115.966797	5.5168946120e-03
116.027832	5.8271514252e-03
116.088867	5.5237279579e-03
116.149902	5.0481982077e-03
116.210938	5.0458934924e-03
116.271973	4.4612467941e-03
116.333008	4.4077136350e-03
116.394043	4.0761416625e-03
116.455078	4.3451934413e-03
116.516113	3.4518949598e-03
116.577148	5.3268602437e-03
116.638184	5.3475471393e-03
116.699219	5.2991836037e-03
116.760254	5.1281370324e-03
116.821289	5.5045120801e-03
116.882324	4.0393262688e-03
116.943359	4.0608229520e-03
117.004395	4.0712234626e-03
117.065430	4.1100190464e-03
117.126465	3.6414309678e-03
117.187500	3.4958551356e-03
117.248535	3.3474885106e-03
117.309570	3.7940893659e-03
117.370605	4.0137064386e-03
117.431641	3.8825865053e-03
117.492676	3.7233750017e-03
117.553711	4.3167465037e-03
117.614746	4.8174107847e-03
117.675781	4.3223727613e-03
117.736816	4.3420835260e-03
117.797852	4.6797947853e-03
117.858887	4.4151665076e-03
117.919922	3.5646878254e-03
117.980957	3.7842435314e-03
118.041992	4.1596295110e-03
118.103027	4.3223993988e-03
118.164062	3.8350108845e-03
118.225098	3.6859997044e-03
118.286133	3.6637309206e-03
118.347168	3.1682267670e-03
118.408203	3.2587828149e-03
118.469238	3.4758585572e-03
118.530273	4.1178831896e-03
118.591309	4.0854715283e-03
118.652344	4.0035125428e-03
118.713379	3.8690524997e-03
118.774414	4.0015709347e-03
118.835449	3.5212306067e-03
118.896484	3.8611849376e-03
118.957520	3.7781885364e-03
119.018555	3.4999277113e-03
119.079590	3.1310814524e-03
119.140625	3.3111961462e-03
119.201660	2.8406669648e-03
119.262695	2.8669536586e-03
119.323730	2.5834868960e-03
119.384766	3.0977358659e-03
119.445801	2.9718498992e-03
119.506836	2.9496518956e-03
119.567871	4.3707917571e-03
119.628906	5.0099405719e-03
119.689941	4.6439780466e-03
119.750977	5.1124117844e-03
119.812012	5.1661482718e-03
119.873047	4.4374439803e-03
119.934082	4.8789772211e-03
119.995117	4.7277583922e-03
120.056152	4.1921419774e-03
120.117188	4.6266461548e-03
120.178223	3.6621530768e-03
120.239258	3.8800536947e-03
120.300293	4.0439587782e-03
120.361328	4.2843237253e-03
120.422363	4.5009201025e-03
120.483398	5.4142264474e-03
120.544434	6.0839316360e-03
120.605469	5.8832788639e-03
120.666504	6.4836061707e-03
120.727539	6.2893515231e-03
120.788574	5.7337389808e-03
120.849609	4.3122859111e-03
120.910645	4.5256434234e-03
120.971680	3.4977764240e-03
121.032715	3.3582750566e-03
121.093750	3.7016691062e-03
121.154785	3.1915762788e-03
121.215820	3.1286393359e-03
121.276855	3.1998690791e-03
121.337891	2.8834774279e-03
121.398926	2.9306479350e-03
121.459961	4.2093506231e-03
121.520996	4.7304827433e-03
121.582031	6.0808089166e-03
121.643066	5.9471747866e-03
121.704102	5.9298329912e-03
121.765137	5.1807241237e-03
121.826172	5.0451427950e-03
121.887207	4.6249214119e-03
121.948242	5.6033366049e-03
122.009277	5.2045572233e-03
122.070312	4.9799124010e-03
122.131348	5.4517574403e-03
122.192383	4.2730755724e-03
122.253418	3.6751773142e-03
122.314453	4.0876145680e-03
122.375488	4.5051147036e-03
122.436523	3.6672751543e-03
122.497559	5.0691321786e-03
122.558594	4.7945717583e-03
122.619629	4.5801740708e-03
122.680664	4.0527575736e-03
122.741699	3.5595269254e-03
122.802734	2.3603156983e-03
122.863770	3.1530918102e-03
122.924805	3.5387452233e-03
122.985840	3.4682791831e-03
123.046875	3.7601877518e-03
123.107910	4.4449389352e-03
123.168945	4.2710757256e-03
123.229980	3.7812339221e-03
123.291016	4.6599909640e-03
123.352051	5.3342617213e-03
123.413086	4.5215966215e-03
123.474121	4.0340711385e-03
123.535156	3.7469369216e-03
123.596191	3.0143448328e-03
123.657227	2.7682037198e-03
123.718262	3.2786669716e-03
123.779297	3.4330562513e-03
123.840332	3.7751569773e-03
123.901367	3.8070498177e-03
123.962402	3.3894808571e-03
124.023438	3.1957715528e-03
124.084473	3.1616422313e-03
124.145508	3.3772793912e-03
124.206543	3.9017937820e-03
124.267578	4.4097554482e-03
124.328613	5.3053108483e-03
124.389648	5.5362356373e-03
124.450684	5.2345130293e-03
124.511719	5.3643123987e-03
124.572754	4.5801241336e-03
124.633789	3.7547599346e-03
124.694824	3.1533797318e-03
124.755859	3.7502996284e-03
124.816895	2.4246142550e-03
124.877930	2.1556466618e-03
