0	0
0.0610352	0.00028992
0.12207	0.00033579
0.183105	0.000398579
0.244141	0.000412158
0.305176	0.000527427
0.366211	0.000737317
0.427246	0.000964755
0.488281	0.00150534
0.549316	0.00172123
0.610352	0.0021258
0.671387	0.0023802
0.732422	0.00265223
0.793457	0.00219045
0.854492	0.00252658
0.915527	0.0026915
0.976562	0.00316545
1.0376	0.00411294
1.09863	0.00490517
1.15967	0.00475038
1.2207	0.00605785
1.28174	0.00718331
1.34277	0.00733949
1.40381	0.00711659
1.46484	0.00903404
1.52588	0.00884341
1.58691	0.00861786
1.64795	0.00924453
1.70898	0.0121133
1.77002	0.0123765
1.83105	0.0123422
1.89209	0.012801
1.95312	0.0135362
2.01416	0.0123929
2.0752	0.0136023
2.13623	0.0158485
2.19727	0.0184532
2.2583	0.0202836
2.31934	0.0235684
2.38037	0.0238237
2.44141	0.0286536
2.50244	0.0303496
2.56348	0.0349878
2.62451	0.0362145
2.68555	0.0410241
2.74658	0.0380307
2.80762	0.0369468
2.86865	0.0370755
2.92969	0.0357455
2.99072	0.0393747
3.05176	0.0470207
3.11279	0.0576678
3.17383	0.0536783
3.23486	0.0538806
3.2959	0.0508303
3.35693	0.0451895
3.41797	0.0375897
3.479	0.0383052
3.54004	0.0338771
3.60107	0.040623
3.66211	0.0389981
3.72314	0.0392487
3.78418	0.0498287
3.84521	0.0571617
3.90625	0.0540164
3.96729	0.0646621
4.02832	0.0754823
4.08936	0.0789129
4.15039	0.0923356
4.21143	0.0906087
4.27246	0.0876229
4.3335	0.0903442
4.39453	0.0780546
4.45557	0.0704802
4.5166	0.0699567
4.57764	0.0650861
4.63867	0.0561243
4.69971	0.0600987
4.76074	0.0675399
4.82178	0.0702349
4.88281	0.084995
4.94385	0.0859852
5.00488	0.106229
5.06592	0.0963293
5.12695	0.102258
5.18799	0.0958764
5.24902	0.0954861
5.31006	0.0806787
5.37109	0.0830055
5.43213	0.0803052
5.49316	0.0806032
5.5542	0.0840292
5.61523	0.0820183
5.67627	0.0698941
5.7373	0.105313
5.79834	0.113467
5.85938	0.125368
5.92041	0.123542
5.98145	0.168248
6.04248	0.142204
6.10352	0.133944
6.16455	0.149042
6.22559	0.182372
6.28662	0.1666
6.34766	0.182563
6.40869	0.192318
6.46973	0.191083
6.53076	0.1864
6.5918	0.228908
6.65283	0.220981
6.71387	0.248566
6.7749	0.243831
6.83594	0.230041
6.89697	0.181893
6.95801	0.195212
7.01904	0.22438
7.08008	0.252089
7.14111	0.305274
7.20215	0.324274
7.26318	0.305119
7.32422	0.249609
7.38525	0.220004
7.44629	0.196716
7.50732	0.193547
7.56836	0.19447
7.62939	0.20735
7.69043	0.219091
7.75146	0.231875
7.8125	0.237062
7.87354	0.253813
7.93457	0.338332
7.99561	0.333969
8.05664	0.328665
8.11768	0.383134
8.17871	0.459036
8.23975	0.415845
8.30078	0.435394
8.36182	0.446104
8.42285	0.39207
8.48389	0.305148
8.54492	0.265497
8.60596	0.316198
8.66699	0.310738
8.72803	0.338646
8.78906	0.412759
8.8501	0.409371
8.91113	0.386333
8.97217	0.330903
9.0332	0.468874
9.09424	0.445292
9.15527	0.522294
9.21631	0.487216
9.27734	0.574116
9.33838	0.398172
9.39941	0.356006
9.46045	0.279454
9.52148	0.311738
9.58252	0.245857
9.64355	0.274435
9.70459	0.28431
9.76562	0.294771
9.82666	0.237253
9.8877	0.269616
9.94873	0.254527
10.0098	0.324763
10.0708	0.343052
10.1318	0.419732
10.1929	0.433053
10.2539	0.55557
10.3149	0.551162
10.376	0.594933
10.437	0.540713
10.498	0.524956
10.5591	0.44262
10.6201	0.462729
10.6812	0.429368
10.7422	0.512949
10.8032	0.556699
10.8643	0.484071
10.9253	0.491893
10.9863	0.472227
11.0474	0.503102
11.1084	0.576853
11.1694	0.718615
11.2305	0.68441
11.2915	0.714446
11.3525	0.639218
11.4136	0.53038
11.4746	0.495747
11.5356	0.489431
11.5967	0.515565
11.6577	0.520756
11.7188	0.841669
11.7798	0.836202
11.8408	0.847253
11.9019	0.839687
11.9629	0.912781
12.0239	0.710212
12.085	0.684941
12.146	0.735308
12.207	0.788786
12.2681	0.814458
12.3291	0.810925
12.3901	0.857951
12.4512	0.885842
12.5122	0.915067
12.5732	0.963129
12.6343	0.88782
12.6953	0.933367
12.7563	0.932116
12.8174	0.897674
12.8784	0.71797
12.9395	0.677554
13.0005	0.649437
13.0615	0.672378
13.1226	0.624887
13.1836	0.729954
13.2446	0.837754
13.3057	0.767741
13.3667	0.61635
13.4277	0.556204
13.4888	0.54461
13.5498	0.492617
13.6108	0.613774
13.6719	0.703614
13.7329	0.843314
13.7939	0.863177
13.855	0.814234
13.916	0.703651
13.9771	0.662012
14.0381	0.553756
14.0991	0.474875
14.1602	0.414852
14.2212	0.355942
14.2822	0.360219
14.3433	0.412462
14.4043	0.514814
14.4653	0.598125
14.5264	0.851808
14.5874	0.96791
14.6484	1.01975
14.7095	0.96195
14.7705	1.01131
14.8315	1.09979
14.8926	1.01107
14.9536	0.912537
15.0146	0.912102
15.0757	0.862581
15.1367	0.952128
15.1978	0.97739
15.2588	1.15494
15.3198	1.14541
15.3809	1.16638
15.4419	1.17674
15.5029	1.10361
15.564	1.18648
15.625	1.15128
15.686	1.29264
15.7471	1.02352
15.8081	1.23565
15.8691	1.43889
15.9302	1.44557
15.9912	1.31471
16.0522	1.17121
16.1133	1.12184
16.1743	0.781783
16.2354	1.00232
16.2964	1.15681
16.3574	1.20352
16.4185	1.25206
16.4795	1.43599
16.5405	1.39716
16.6016	1.20457
16.6626	1.16716
16.7236	0.980849
16.7847	0.789813
16.8457	0.603235
16.9067	0.905746
16.9678	0.973038
17.0288	0.96118
17.0898	0.95132
17.1509	1.27364
17.2119	1.00034
17.2729	0.981449
17.334	1.02448
17.395	1.39125
17.4561	1.19564
17.5171	1.28301
17.5781	1.32016
17.6392	1.40106
17.7002	1.2416
17.7612	1.28449
17.8223	1.19962
17.8833	1.32637
17.9443	1.55178
18.0054	1.41485
18.0664	1.5793
18.1274	1.79163
18.1885	1.73386
18.2495	1.55625
18.3105	1.54054
18.3716	1.32295
18.4326	1.24927
18.4937	1.18223
18.5547	1.14223
18.6157	1.11524
18.6768	1.3716
18.7378	1.72933
18.7988	1.67138
18.8599	1.93448
18.9209	1.90612
18.9819	1.94365
19.043	1.78418
19.104	1.82411
19.165	1.94225
19.2261	2.25745
19.2871	1.92381
19.3481	1.84887
19.4092	1.82216
19.4702	1.38442
19.5312	1.05966
19.5923	1.02537
19.6533	1.11098
19.7144	1.41665
19.7754	1.70233
19.8364	2.14855
19.8975	2.44572
19.9585	2.2395
20.0195	2.20294
20.0806	1.96847
20.1416	1.4321
20.2026	1.28246
20.2637	1.13539
20.3247	0.988438
20.3857	1.00813
20.4468	1.18796
20.5078	1.42683
20.5688	1.6276
20.6299	1.48416
20.6909	1.5774
20.752	1.41569
20.813	1.23071
20.874	1.31643
20.9351	1.35158
20.9961	1.61946
21.0571	1.99383
21.1182	1.9044
21.1792	1.79574
21.2402	1.86978
21.3013	1.4405
21.3623	1.50105
21.4233	1.93263
21.4844	1.95141
21.5454	2.08869
21.6064	2.27337
21.6675	1.92962
21.7285	1.41062
21.7896	1.77369
21.8506	2.14138
21.9116	2.25646
21.9727	2.4547
22.0337	2.55722
22.0947	3.0217
22.1558	2.42905
22.2168	2.1563
22.2778	2.00711
22.3389	1.94453
22.3999	0.949563
22.4609	1.05778
22.522	0.998348
22.583	0.873842
22.644	1.11316
22.7051	1.23384
22.7661	1.31137
22.8271	1.59136
22.8882	1.65188
22.9492	1.37896
23.0103	1.3947
23.0713	1.53906
23.1323	1.33346
23.1934	1.53614
23.2544	1.57144
23.3154	1.72081
23.3765	2.04046
23.4375	2.05025
23.4985	2.15246
23.5596	2.25145
23.6206	1.88798
23.6816	1.34025
23.7427	1.42836
23.8037	1.28116
23.8647	1.90297
23.9258	2.12991
23.9868	2.16092
24.0479	2.08969
24.1089	2.09455
24.1699	1.73135
24.231	1.95104
24.292	2.10112
24.353	2.03181
24.4141	2.56641
24.4751	2.19927
24.5361	1.93289
24.5972	2.09749
24.6582	2.9258
24.7192	2.21907
24.7803	2.39164
24.8413	2.5183
24.9023	2.1607
24.9634	1.89638
25.0244	2.02769
25.0854	2.44118
25.1465	2.39176
25.2075	2.62584
25.2686	2.84365
25.3296	2.79191
25.3906	2.79569
25.4517	3.0149
25.5127	2.95447
25.5737	2.19689
25.6348	2.68761
25.6958	2.40646
25.7568	2.34218
25.8179	2.36137
25.8789	2.89822
25.9399	2.58229
26.001	2.43876
26.062	2.65134
26.123	3.04888
26.1841	3.33697
26.2451	3.61009
26.3062	3.67653
26.3672	3.76642
26.4282	3.50915
26.4893	2.78489
26.5503	2.90568
26.6113	3.29007
26.6724	3.1152
26.7334	3.06744
26.7944	3.31004
26.8555	2.82856
26.9165	2.42357
26.9775	2.53283
27.0386	2.33264
27.0996	2.725
27.1606	2.89343
27.2217	2.73635
27.2827	2.49768
27.3438	2.87993
27.4048	2.5787
27.4658	2.44673
27.5269	2.65091
27.5879	2.9216
27.6489	3.07173
27.71	3.80731
27.771	4.03991
27.832	3.97814
27.8931	3.91987
27.9541	3.84682
28.0151	3.56101
28.0762	3.21563
28.1372	3.29124
28.1982	3.02965
28.2593	2.69428
28.3203	2.23642
28.3813	2.53794
28.4424	3.60263
28.5034	3.64614
28.5645	3.662
28.6255	3.6837
28.6865	3.85334
28.7476	3.28624
28.8086	2.88939
28.8696	3.45123
28.9307	4.3466
28.9917	4.65071
29.0527	4.43955
29.1138	4.86457
29.1748	4.83585
29.2358	3.79708
29.2969	3.29577
29.3579	3.2738
29.4189	3.3891
29.48	3.11407
29.541	2.96643
29.6021	2.89761
29.6631	3.14885
29.7241	3.41968
29.7852	2.9882
29.8462	2.97673
29.9072	3.44912
29.9683	2.79053
30.0293	3.36667
30.0903	3.54788
30.1514	3.76234
30.2124	3.89366
30.2734	4.0462
30.3345	3.62727
30.3955	4.25676
30.4565	4.65132
30.5176	4.68029
30.5786	5.64824
30.6396	4.98092
30.7007	4.6536
30.7617	4.25609
30.8228	3.79287
30.8838	3.26512
30.9448	3.69109
31.0059	4.96926
31.0669	5.51438
31.1279	5.23701
31.189	5.52844
31.25	5.70018
31.311	4.76487
31.3721	5.07578
31.4331	5.62299
31.4941	6.05496
31.5552	5.46284
31.6162	5.01813
31.6772	4.92105
31.7383	4.89675
31.7993	3.83224
31.8604	3.96221
31.9214	4.51061
31.9824	3.41326
32.0435	3.47126
32.1045	3.46231
32.1655	4.50218
32.2266	4.7975
32.2876	5.22846
32.3486	6.06162
32.4097	5.99989
32.4707	4.83188
32.5317	4.11038
32.5928	4.01359
32.6538	2.981
32.7148	3.87096
32.7759	4.31553
32.8369	4.55473
32.8979	5.13187
32.959	5.56802
33.02	5.01919
33.0811	4.90239
33.1421	5.00453
33.2031	4.70595
33.2642	4.06302
33.3252	3.82955
33.3862	3.85733
33.4473	3.1357
33.5083	2.47879
33.5693	2.56435
33.6304	2.80649
33.6914	3.37642
33.7524	4.23148
33.8135	5.12531
33.8745	5.29741
33.9355	5.34296
33.9966	5.3404
34.0576	4.84356
34.1187	4.65933
34.1797	4.71226
34.2407	4.86344
34.3018	5.27337
34.3628	5.61981
34.4238	5.39238
34.4849	5.24556
34.5459	5.25021
34.6069	5.16005
34.668	4.86683
34.729	4.79538
34.79	5.36705
34.8511	4.78832
34.9121	4.80214
34.9731	4.77414
35.0342	4.76658
35.0952	4.48692
35.1562	4.73494
35.2173	3.86663
35.2783	3.55354
35.3394	3.52135
35.4004	3.27273
35.4614	3.17517
35.5225	3.02757
35.5835	5.39355
35.6445	6.09061
35.7056	6.91484
35.7666	7.77034
35.8276	7.92633
35.8887	5.93395
35.9497	5.15071
36.0107	4.07902
36.0718	3.80396
36.1328	3.6305
36.1938	4.00331
36.2549	4.43327
36.3159	6.06201
36.377	5.43351
36.438	5.23048
36.499	4.94483
36.5601	5.7742
36.6211	4.15554
36.6821	4.37602
36.7432	4.76395
36.8042	6.23298
36.8652	4.99135
36.9263	6.70705
36.9873	7.3214
37.0483	7.74525
37.1094	6.097
37.1704	6.47073
37.2314	5.27996
37.2925	4.72561
37.3535	4.41512
37.4146	4.21818
37.4756	4.7172
37.5366	5.35292
37.5977	5.35865
37.6587	5.26109
37.7197	5.89752
37.7808	5.36163
37.8418	4.3472
37.9028	5.61957
37.9639	5.5015
38.0249	5.75731
38.0859	5.27168
38.147	5.45669
38.208	4.65577
38.269	4.62146
38.3301	4.79803
38.3911	5.40389
38.4521	5.13286
38.5132	5.02026
38.5742	5.24428
38.6353	4.91377
38.6963	5.31413
38.7573	5.34923
38.8184	5.80198
38.8794	7.47544
38.9404	7.61208
39.0015	7.1502
39.0625	8.38935
39.1235	7.86907
39.1846	6.29705
39.2456	6.94655
39.3066	6.87561
39.3677	6.27484
39.4287	6.65622
39.4897	7.72271
39.5508	6.6991
39.6118	7.82038
39.6729	8.26296
39.7339	7.94968
39.7949	6.9819
39.856	7.83015
39.917	7.43891
39.978	6.95423
40.0391	7.19238
40.1001	7.72807
40.1611	6.85572
40.2222	6.1999
40.2832	5.80004
40.3442	4.95393
40.4053	4.71857
40.4663	4.58025
40.5273	4.4715
40.5884	4.57458
40.6494	4.58118
40.7104	6.82711
40.7715	7.82082
40.8325	9.31985
40.8936	10.2309
40.9546	10.2258
41.0156	7.2276
41.0767	7.50591
41.1377	6.4834
41.1987	5.82487
41.2598	6.17181
41.3208	6.37396
41.3818	5.54828
41.4429	5.80565
41.5039	6.55491
41.5649	7.27666
41.626	7.84434
41.687	7.67587
41.748	7.34291
41.8091	7.33264
41.8701	7.52594
41.9312	6.56845
41.9922	6.95239
42.0532	7.07331
42.1143	6.37305
42.1753	5.85189
42.2363	5.70509
42.2974	6.88984
42.3584	7.11124
42.4194	6.56245
42.4805	6.67535
42.5415	7.87251
42.6025	5.72977
42.6636	5.93355
42.7246	6.63672
42.7856	6.24026
42.8467	6.72217
42.9077	7.45892
42.9688	6.8183
43.0298	6.96248
43.0908	6.47923
43.1519	5.157
43.2129	5.7264
43.2739	5.99506
43.335	5.71701
43.396	6.5102
43.457	7.17577
43.5181	7.2164
43.5791	8.06003
43.6401	7.96828
43.7012	8.45141
43.7622	8.8288
43.8232	8.43465
43.8843	7.99905
43.9453	7.63867
44.0063	6.70485
44.0674	6.51968
44.1284	5.73598
44.1895	4.78149
44.2505	5.67414
44.3115	5.73496
44.3726	4.67775
44.4336	9.66884
44.4946	10.3036
44.5557	10.5713
44.6167	11.1479
44.6777	12.7207
44.7388	8.43023
44.7998	8.19039
44.8608	6.62098
44.9219	6.39998
44.9829	4.8584
45.0439	5.9748
45.105	5.81052
45.166	6.4711
45.2271	5.7421
45.2881	7.11939
45.3491	5.1593
45.4102	5.5597
45.4712	6.00523
45.5322	6.44912
45.5933	5.78086
45.6543	6.11473
45.7153	7.21154
45.7764	7.15234
45.8374	7.37399
45.8984	8.08729
45.9595	8.40563
46.0205	7.18991
46.0815	6.8698
46.1426	7.85379
46.2036	7.86026
46.2646	9.21575
46.3257	9.42377
46.3867	10.0402
46.4478	10.6018
46.5088	9.86181
46.5698	8.39015
46.6309	8.17534
46.6919	8.85975
46.7529	9.88373
46.814	10.9509
46.875	12.1394
46.936	12.6034
46.9971	10.7778
47.0581	8.99787
47.1191	9.14764
47.1802	7.77331
47.2412	7.07078
47.3022	8.12551
47.3633	8.11041
47.4243	7.58565
47.4854	8.53448
47.5464	9.39339
47.6074	9.28424
47.6685	9.83726
47.7295	10.1152
47.7905	9.9184
47.8516	13.1042
47.9126	13.321
47.9736	14.295
48.0347	14.6147
48.0957	13.5047
48.1567	10.2592
48.2178	10.3303
48.2788	8.40156
48.3398	8.02871
48.4009	8.19216
48.4619	8.04934
48.5229	7.02154
48.584	7.40572
48.645	6.70155
48.7061	6.95054
48.7671	7.28144
48.8281	8.14553
48.8892	8.00023
48.9502	8.84236
49.0112	10.4815
49.0723	11.7971
49.1333	11.2979
49.1943	11.9364
49.2554	10.9391
49.3164	10.7073
49.3774	10.3612
49.4385	10.8916
49.4995	13.9543
49.5605	18.0085
49.6216	29.285
49.6826	349.461
49.7437	518.383
49.8047	533.717
49.8657	537.877
49.9268	532.6
49.9878	208.029
50.0488	39.0893
50.1099	21.4527
50.1709	16.5358
50.2319	10.7712
50.293	13.1662
50.354	13.4998
50.415	13.0812
50.4761	12.1497
50.5371	12.7817
50.5981	10.6536
50.6592	9.27256
50.7202	8.56825
50.7812	8.10524
50.8423	6.91607
50.9033	6.43205
50.9644	6.88759
51.0254	8.4017
51.0864	8.92656
51.1475	9.58052
51.2085	9.91624
51.2695	11.0511
51.3306	9.97132
51.3916	9.19754
51.4526	9.31639
51.5137	9.17752
51.5747	11.3165
51.6357	11.6199
51.6968	11.7925
51.7578	11.3468
51.8188	11.418
51.8799	8.9772
51.9409	8.75469
52.002	8.42751
52.063	8.69143
52.124	9.0053
52.1851	8.1584
52.2461	9.63152
52.3071	10.6311
52.3682	11.7672
52.4292	12.0033
52.4902	13.996
52.5513	12.0083
52.6123	10.4776
52.6733	9.02555
52.7344	8.82918
52.7954	8.50192
52.8564	10.0782
52.9175	11.4262
52.9785	12.7363
53.0396	13.4034
53.1006	11.1472
53.1616	13.319
53.2227	16.4058
53.2837	17.0072
53.3447	16.389
53.4058	16.6037
53.4668	13.2059
53.5278	10.9946
53.5889	11.4707
53.6499	12.5999
53.7109	17.1243
53.772	18.0405
53.833	18.767
53.894	16.7468
53.9551	15.4409
54.0161	13.5182
54.0771	14.2129
54.1382	13.6838
54.1992	16.0014
54.2603	16.5184
54.3213	14.1183
54.3823	13.9672
54.4434	13.0811
54.5044	10.6277
54.5654	10.2451
54.6265	9.69784
54.6875	8.77518
54.7485	7.49241
54.8096	7.5469
54.8706	7.72982
54.9316	10.2447
54.9927	11.7932
55.0537	13.1133
55.1147	11.9748
55.1758	11.2932
55.2368	9.46529
55.2979	8.81896
55.3589	7.93545
55.4199	11.4529
55.481	13.0052
55.542	12.1868
55.603	13.6292
55.6641	15.8119
55.7251	14.3904
55.7861	13.8448
55.8472	14.0802
55.9082	12.3616
55.9692	14.721
56.0303	14.8516
56.0913	15.0886
56.1523	17.5592
56.2134	16.447
56.2744	12.841
56.3354	11.8716
56.3965	10.369
56.4575	8.78305
56.5186	11.1578
56.5796	10.4521
56.6406	11.1676
56.7017	10.7441
56.7627	11.305
56.8237	8.78356
56.8848	8.54749
56.9458	10.3768
57.0068	12.7718
57.0679	12.741
57.1289	13.7209
57.1899	15.026
57.251	12.7932
57.312	12.1769
57.373	12.4154
57.4341	12.0195
57.4951	10.9261
57.5562	11.441
57.6172	14.0553
57.6782	13.6747
57.7393	13.9055
57.8003	13.8853
57.8613	12.5435
57.9224	9.63688
57.9834	8.75635
58.0444	8.2008
58.1055	9.36303
58.1665	13.8126
58.2275	13.5518
58.2886	15.8069
58.3496	15.1327
58.4106	14.2514
58.4717	13.2475
58.5327	15.2688
58.5938	14.4282
58.6548	18.3212
58.7158	19.7837
58.7769	18.7116
58.8379	18.2368
58.8989	17.4605
58.96	13.4656
59.021	12.3283
59.082	11.8943
59.1431	11.437
59.2041	11.5504
59.2651	13.0273
59.3262	12.6277
59.3872	11.0828
59.4482	11.5973
59.5093	14.6023
59.5703	18.8195
59.6313	18.0079
59.6924	18.2032
59.7534	19.3809
59.8145	17.8298
59.8755	17.9794
59.9365	19.5156
59.9976	19.4048
60.0586	16.82
60.1196	14.3994
60.1807	10.1349
60.2417	9.95849
60.3027	10.6317
60.3638	11.2352
60.4248	11.8249
60.4858	13.3993
60.5469	12.4361
60.6079	14.9789
60.6689	13.8166
60.73	13.6279
60.791	16.3226
60.8521	17.0763
60.9131	16.5801
60.9741	17.0197
61.0352	21.9451
61.0962	17.2346
61.1572	16.2633
61.2183	19.1005
61.2793	20.7406
61.3403	16.2277
61.4014	16.7834
61.4624	21.3327
61.5234	18.6952
61.5845	18.3829
61.6455	21.9074
61.7065	24.1584
61.7676	20.67
61.8286	18.3031
61.8896	16.6539
61.9507	12.8587
62.0117	11.6794
62.0728	11.6143
62.1338	12.6763
62.1948	17.1391
62.2559	20.4439
62.3169	19.0797
62.3779	19.5005
62.439	20.2596
62.5	18.1517
62.561	17.7088
62.6221	17.4848
62.6831	16.3505
62.7441	14.5951
62.8052	15.0998
62.8662	15.9962
62.9272	17.7424
62.9883	21.0145
63.0493	21.4993
63.1104	21.1281
63.1714	16.4532
63.2324	17.433
63.2935	13.4469
63.3545	13.7561
63.4155	11.4434
63.4766	12.9289
63.5376	9.89254
63.5986	11.6262
63.6597	10.6053
63.7207	12.689
63.7817	12.5451
63.8428	12.8543
63.9038	12.817
63.9648	12.3748
64.0259	12.7137
64.0869	12.7018
64.1479	12.5915
64.209	12.0581
64.27	16.026
64.3311	14.7259
64.3921	16.2243
64.4531	17.1491
64.5142	17.8168
64.5752	17.3817
64.6362	16.2274
64.6973	14.3399
64.7583	12.9745
64.8193	17.6886
64.8804	14.362
64.9414	15.167
65.0024	15.111
65.0635	14.4473
65.1245	8.39883
65.1855	10.1665
65.2466	10.0273
65.3076	10.6764
65.3687	11.4096
65.4297	14.4615
65.4907	14.9668
65.5518	18.0179
65.6128	18.9097
65.6738	20.5168
65.7349	17.8901
65.7959	19.0074
65.8569	18.7817
65.918	18.86
65.979	18.2695
66.04	18.6767
66.1011	19.8506
66.1621	17.8195
66.2231	18.0817
66.2842	17.6417
66.3452	16.8513
66.4062	12.7829
66.4673	11.64
66.5283	11.5009
66.5894	14.0109
66.6504	15.0884
66.7114	16.9744
66.7725	18.3521
66.8335	24.5482
66.8945	24.5512
66.9556	25.9564
67.0166	30.2843
67.0776	28.4829
67.1387	21.0651
67.1997	18.3869
67.2607	16.5492
67.3218	13.4284
67.3828	14.7138
67.4438	16.281
67.5049	18.4687
67.5659	18.4434
67.627	14.7136
67.688	14.4486
67.749	14.967
67.8101	14.72
67.8711	20.1265
67.9321	19.4637
67.9932	20.8821
68.0542	24.0928
68.1152	22.8437
68.1763	18.3157
68.2373	19.8786
68.2983	18.223
68.3594	14.5377
68.4204	17.6419
68.4814	16.7679
68.5425	17.647
68.6035	17.9227
68.6646	19.4467
68.7256	18.8203
68.7866	18.6803
68.8477	17.2116
68.9087	22.1969
68.9697	21.2889
69.0308	24.9173
69.0918	26.1527
69.1528	30.7645
69.2139	30.3423
69.2749	33.6929
69.3359	30.6447
69.397	32.6187
69.458	28.6941
69.519	24.9208
69.5801	26.1892
69.6411	24.2097
69.7021	21.5378
69.7632	21.9424
69.8242	21.4332
69.8853	15.0572
69.9463	15.5974
70.0073	16.0349
70.0684	15.2101
70.1294	14.0212
70.1904	13.13
70.2515	10.7698
70.3125	10.781
70.3735	11.0919
70.4346	16.3236
70.4956	15.2163
70.5566	20.0541
70.6177	21.5943
70.6787	20.9019
70.7397	16.6591
70.8008	21.9202
70.8618	16.7188
70.9229	14.2639
70.9839	15.563
71.0449	16.9048
71.106	13.6693
71.167	16.1439
71.228	15.8325
71.2891	15.8344
71.3501	17.3323
71.4111	19.8576
71.4722	22.2958
71.5332	29.8178
71.5942	30.2999
71.6553	28.1568
71.7163	27.4354
71.7773	24.3585
71.8384	22.0246
71.8994	23.0768
71.9604	21.8877
72.0215	21.1387
72.0825	23.7162
72.1436	20.2628
72.2046	19.1521
72.2656	19.2259
72.3267	19.6492
72.3877	16.9474
72.4487	21.4474
72.5098	20.5007
72.5708	21.7016
72.6318	22.8257
72.6929	21.7817
72.7539	19.0284
72.8149	20.4343
72.876	23.0082
72.937	18.5322
72.998	21.6051
73.0591	22.7412
73.1201	27.244
73.1812	24.3657
73.2422	29.4188
73.3032	25.8765
73.3643	26.7232
73.4253	22.4018
73.4863	26.0907
73.5474	21.3876
73.6084	22.9063
73.6694	16.8674
73.7305	17.2108
73.7915	13.7133
73.8525	17.8849
73.9136	17.8645
73.9746	19.9949
74.0356	18.0858
74.0967	17.8186
74.1577	18.3316
74.2188	17.4819
74.2798	20.4777
74.3408	22.2718
74.4019	24.7628
74.4629	21.3771
74.5239	21.878
74.585	18.5892
74.646	17.7228
74.707	22.3952
74.7681	26.3836
74.8291	27.3843
74.8901	28.2976
74.9512	30.6811
75.0122	25.4205
75.0732	19.9449
75.1343	19.3268
75.1953	17.0054
75.2563	13.6917
75.3174	14.9203
75.3784	23.9602
75.4395	28.9747
75.5005	34.5246
75.5615	37.3618
75.6226	40.02
75.6836	34.751
75.7446	28.5786
75.8057	23.6503
75.8667	23.3703
75.9277	19.4763
75.9888	20.6836
76.0498	23.2169
76.1108	25.0452
76.1719	22.9206
76.2329	22.9626
76.2939	24.481
76.355	22.693
76.416	23.2652
76.4771	24.241
76.5381	24.69
76.5991	21.1962
76.6602	22.5839
76.7212	18.7709
76.7822	17.4349
76.8433	16.2548
76.9043	13.1719
76.9653	11.4891
77.0264	17.2918
77.0874	17.9395
77.1484	19.1642
77.2095	18.6259
77.2705	21.5085
77.3315	21.2661
77.3926	24.9685
77.4536	27.8047
77.5146	33.7285
77.5757	37.1053
77.6367	34.1231
77.6978	30.0551
77.7588	26.4021
77.8198	22.218
77.8809	16.9828
77.9419	20.005
78.0029	23.7345
78.064	26.4846
78.125	26.8698
78.186	25.6206
78.2471	21.5524
78.3081	18.7879
78.3691	12.8356
78.4302	16.8106
78.4912	17.8012
78.5522	24.7032
78.6133	24.2047
78.6743	30.0185
78.7354	26.9152
78.7964	28.2881
78.8574	26.1695
78.9185	27.3948
78.9795	26.1488
79.0405	27.1166
79.1016	25.5545
79.1626	24.5261
79.2236	23.9961
79.2847	24.0704
79.3457	25.5605
79.4067	28.3854
79.4678	30.3862
79.5288	30.2019
79.5898	29.8479
79.6509	27.9612
79.7119	25.2751
79.7729	19.3845
79.834	17.9964
79.895	18.4744
79.9561	19.6801
80.0171	18.7767
80.0781	26.7325
80.1392	30.3855
80.2002	28.3229
80.2612	24.6962
80.3223	26.4133
80.3833	20.6445
80.4443	21.2462
80.5054	21.0389
80.5664	25.7392
80.6274	26.6757
80.6885	29.3825
80.7495	24.9638
80.8105	22.2109
80.8716	18.2722
80.9326	17.3079
80.9937	16.4264
81.0547	21.1596
81.1157	23.2168
81.1768	26.0069
81.2378	26.5172
81.2988	25.2833
81.3599	23.2588
81.4209	25.2349
81.4819	23.7212
81.543	21.8925
81.604	19.6947
81.665	21.7176
81.7261	20.7423
81.7871	20.8998
81.8481	21.7201
81.9092	24.1428
81.9702	21.8755
82.0312	22.5545
82.0923	21.8528
82.1533	27.4885
82.2144	29.5938
82.2754	27.7468
82.3364	27.3061
82.3975	27.6641
82.4585	22.9553
82.5195	21.17
82.5806	24.3156
82.6416	24.1177
82.7026	23.5392
82.7637	24.6894
82.8247	23.6684
82.8857	23.6339
82.9468	23.1497
83.0078	25.6938
83.0688	26.3802
83.1299	24.4923
83.1909	22.1024
83.252	22.6172
83.313	24.1416
83.374	23.9395
83.4351	23.6271
83.4961	26.9942
83.5571	32.0453
83.6182	38.8219
83.6792	42.8927
83.7402	44.831
83.8013	38.9099
83.8623	36.6463
83.9233	25.7129
83.9844	19.9437
84.0454	19.8021
84.1064	23.7266
84.1675	20.1801
84.2285	21.1062
84.2896	19.8163
84.3506	21.8148
84.4116	18.6984
84.4727	19.5019
84.5337	24.2018
84.5947	23.301
84.6558	29.6565
84.7168	36.1087
84.7778	37.6136
84.8389	38.8852
84.8999	41.1466
84.9609	33.1689
85.022	32.0475
85.083	31.0314
85.144	24.6642
85.2051	29.3258
85.2661	32.8366
85.3271	28.3182
85.3882	24.4004
85.4492	24.5463
85.5103	17.3702
85.5713	16.768
85.6323	18.587
85.6934	21.3159
85.7544	18.7227
85.8154	27.0426
85.8765	20.7858
85.9375	21.669
85.9985	19.3718
86.0596	22.7699
86.1206	14.8273
86.1816	20.1643
86.2427	26.4441
86.3037	31.1565
86.3647	30.7288
86.4258	36.3877
86.4868	34.9319
86.5479	34.8005
86.6089	33.5945
86.6699	32.4986
86.731	28.0846
86.792	29.4185
86.853	28.4465
86.9141	33.2722
86.9751	35.6474
87.0361	36.2152
87.0972	34.4976
87.1582	26.0412
87.2192	19.3584
87.2803	16.912
87.3413	15.8494
87.4023	14.5184
87.4634	20.5764
87.5244	22.7448
87.5854	25.0548
87.6465	24.472
87.7075	30.5224
87.7686	29.5645
87.8296	27.2916
87.8906	30.3703
87.9517	34.5189
88.0127	28.2856
88.0737	30.1236
88.1348	30.179
88.1958	34.3501
88.2568	30.378
88.3179	33.9002
88.3789	26.4733
88.4399	28.4063
88.501	22.1569
88.562	23.1933
88.623	23.3169
88.6841	24.3564
88.7451	25.8865
88.8062	24.9618
88.8672	29.1379
88.9282	29.7234
88.9893	28.8949
89.0503	25.2056
89.1113	25.0433
89.1724	20.144
89.2334	16.4833
89.2944	20.3456
89.3555	22.3842
89.4165	28.0749
89.4775	33.8704
89.5386	37.5889
89.5996	41.1874
89.6606	44.1091
89.7217	38.7436
89.7827	41.5962
89.8438	40.2712
89.9048	40.2365
89.9658	38.1453
90.0269	38.9946
90.0879	33.8702
90.1489	32.1735
90.21	30.1204
90.271	28.5745
90.332	34.3604
90.3931	31.9363
90.4541	36.06
90.5151	35.6236
90.5762	39.175
90.6372	33.1378
90.6982	33.168
90.7593	30.1072
90.8203	29.0357
90.8813	26.6596
90.9424	24.4629
91.0034	27.3155
91.0645	26.7275
91.1255	22.5217
91.1865	23.8078
91.2476	25.5844
91.3086	24.7496
91.3696	28.5258
91.4307	29.0588
91.4917	26.5975
91.5527	24.3847
91.6138	21.5776
91.6748	29.3208
91.7358	31.2096
91.7969	37.6007
91.8579	36.2768
91.9189	40.6869
91.98	27.9058
92.041	40.4227
92.1021	33.3159
92.1631	37.0993
92.2241	32.2106
92.2852	31.3464
92.3462	17.1263
92.4072	17.8816
92.4683	16.359
92.5293	19.9862
92.5903	18.7135
92.6514	20.0334
92.7124	22.364
92.7734	20.0346
92.8345	19.8014
92.8955	25.1542
92.9565	25.3213
93.0176	24.4953
93.0786	31.5723
93.1396	32.6898
93.2007	28.8175
93.2617	27.7564
93.3228	28.8254
93.3838	23.6991
93.4448	27.817
93.5059	34.9707
93.5669	40.4791
93.6279	37.1587
93.689	35.4705
93.75	29.4445
93.811	22.092
93.8721	18.9318
93.9331	19.4718
93.9941	22.6547
94.0552	20.3807
94.1162	18.22
94.1772	16.4146
94.2383	21.4179
94.2993	19.3655
94.3604	19.1194
94.4214	28.4446
94.4824	28.385
94.5435	27.5926
94.6045	28.0308
94.6655	31.5736
94.7266	29.5181
94.7876	35.0691
94.8486	31.0657
94.9097	39.9285
94.9707	37.6037
95.0317	35.5598
95.0928	35.6731
95.1538	34.9724
95.2148	26.3061
95.2759	26.4695
95.3369	26.7642
95.3979	22.6529
95.459	29.9986
95.52	29.4032
95.5811	35.8644
95.6421	37.28
95.7031	37.666
95.7642	31.7808
95.8252	37.7392
95.8862	38.5069
95.9473	38.6545
96.0083	43.9448
96.0693	42.6567
96.1304	40.9761
96.1914	37.544
96.2524	40.6116
96.3135	39.9715
96.3745	42.7165
96.4355	40.2862
96.4966	55.6599
96.5576	62.5788
96.6187	62.7967
96.6797	62.5145
96.7407	64.7233
96.8018	45.4884
96.8628	40.8061
96.9238	38.252
96.9849	40.3192
97.0459	44.4352
97.1069	50.4839
97.168	43.5443
97.229	40.3925
97.29	37.1542
97.3511	32.6154
97.4121	29.8301
97.4731	39.8056
97.5342	45.3489
97.5952	49.0046
97.6562	56.8134
97.7173	55.6286
97.7783	44.9185
97.8394	45.4757
97.9004	47.5224
97.9614	42.0059
98.0225	41.9219
98.0835	39.8809
98.1445	42.442
98.2056	39.4189
98.2666	34.6016
98.3276	32.9071
98.3887	32.9731
98.4497	28.7315
98.5107	23.8733
98.5718	25.0468
98.6328	27.9442
98.6938	29.6231
98.7549	23.8984
98.8159	27.0507
98.877	28.8668
98.938	30.0462
98.999	27.6105
99.0601	32.126
99.1211	33.8096
99.1821	43.8277
99.2432	41.3707
99.3042	43.2053
99.3652	38.6386
99.4263	36.014
99.4873	29.9875
99.5483	34.4436
99.6094	39.1362
99.6704	53.7288
99.7314	60.1563
99.7925	61.1649
99.8535	61.3709
99.9146	61.1372
99.9756	50.1165
100.037	50.1541
100.098	40.0308
100.159	33.7056
100.22	29.9609
100.281	34.2462
100.342	32.5352
100.403	35.683
100.464	36.6627
100.525	36.1473
100.586	31.4855
100.647	25.4555
100.708	24.3841
100.769	31.2358
100.83	35.6915
100.891	38.326
100.952	38.6017
101.013	39.157
101.074	31.9645
101.135	27.9034
101.196	23.5119
101.257	24.4655
101.318	23.8691
101.379	29.4884
101.44	34.8401
101.501	38.3204
101.562	37.6813
101.624	47.3558
101.685	39.9748
101.746	35.6178
101.807	35.3338
101.868	41.6038
101.929	42.953
101.99	51.241
102.051	52.583
102.112	47.4974
102.173	51.457
102.234	42.9467
102.295	44.0838
102.356	42.6699
102.417	49.5845
102.478	45.9589
102.539	50.0373
102.6	48.3545
102.661	46.1209
102.722	48.9211
102.783	53.2112
102.844	48.7855
102.905	41.9405
102.966	52.2102
103.027	51.1838
103.088	52.1782
103.149	54.0129
103.21	63.7383
103.271	58.3287
103.333	57.6842
103.394	53.5832
103.455	54.0036
103.516	43.8192
103.577	40.2611
103.638	31.8368
103.699	30.6969
103.76	29.4077
103.821	36.0261
103.882	39.8969
103.943	48.5252
104.004	46.0942
104.065	54.8589
104.126	54.4591
104.187	55.3331
104.248	50.2513
104.309	45.9799
104.37	39.5714
104.431	40.9913
104.492	40.3091
104.553	40.0044
104.614	43.8234
104.675	46.8459
104.736	41.5528
104.797	39.9873
104.858	41.8225
104.919	49.8952
104.98	42.1508
105.042	52.054
105.103	49.2574
105.164	44.7227
105.225	42.0424
105.286	46.2723
105.347	38.6149
105.408	39.5193
105.469	47.9783
105.53	44.6125
105.591	42.8676
105.652	40.0345
105.713	38.5329
105.774	32.9021
105.835	27.6898
105.896	24.2226
105.957	28.4581
106.018	32.1638
106.079	35.691
106.14	36.7148
106.201	37.8051
106.262	37.0141
106.323	41.818
106.384	39.2872
106.445	42.3119
106.506	42.6229
106.567	38.3998
106.628	35.8214
106.689	34.0842
106.75	39.1324
106.812	41.9382
106.873	47.7443
106.934	46.3323
106.995	49.5559
107.056	44.3128
107.117	41.9934
107.178	43.5329
107.239	39.7654
107.3	38.166
107.361	36.8212
107.422	34.8853
107.483	29.6574
107.544	33.3358
107.605	32.5256
107.666	42.6131
107.727	48.6653
107.788	56.4424
107.849	54.9984
107.91	53.2255
107.971	37.1445
108.032	36.2134
108.093	25.5516
108.154	23.9761
108.215	22.6349
108.276	26.8137
108.337	30.386
108.398	34.2221
108.459	33.1296
108.521	47.2209
108.582	53.3866
108.643	48.9799
108.704	54.4781
108.765	57.0924
108.826	51.4495
108.887	50.6986
108.948	51.6608
109.009	49.5295
109.07	45.784
109.131	39.4671
109.192	43.0292
109.253	40.1895
109.314	38.8988
109.375	45.5963
109.436	46.9427
109.497	42.754
109.558	44.2361
109.619	50.9625
109.68	48.0921
109.741	48.2285
109.802	53.4981
109.863	51.3698
109.924	44.9163
109.985	42.0895
110.046	42.0023
110.107	33.576
110.168	40.2361
110.229	38.5058
110.291	39.5294
110.352	39.2242
110.413	35.5119
110.474	40.2715
110.535	37.3111
110.596	43.6677
110.657	46.0633
110.718	47.872
110.779	43.5062
110.84	52.6437
110.901	46.1672
110.962	49.0223
111.023	48.1008
111.084	41.9643
111.145	44.874
111.206	54.8238
111.267	52.0879
111.328	56.9157
111.389	56.6307
111.45	56.1324
111.511	48.5198
111.572	50.3559
111.633	49.3178
111.694	50.0015
111.755	40.5324
111.816	35.5416
111.877	33.0086
111.938	44.0348
112	42.7175
112.061	46.9779
112.122	52.7643
112.183	53.286
112.244	37.908
112.305	40.458
112.366	37.8066
112.427	36.6723
112.488	47.8504
112.549	62.1296
112.61	65.7363
112.671	66.1019
112.732	65.7885
112.793	49.0331
112.854	38.8285
112.915	33.0748
112.976	43.8175
113.037	55.5535
113.098	59.938
113.159	64.4197
113.22	67.822
113.281	54.2863
113.342	48.4295
113.403	52.9211
113.464	50.887
113.525	49.6717
113.586	65.0937
113.647	55.5274
113.708	53.8149
113.77	49.1556
113.831	51.5812
113.892	35.9782
113.953	41.4063
114.014	38.2682
114.075	40.3466
114.136	38.2743
114.197	42.8215
114.258	49.8609
114.319	52.029
114.38	54.4496
114.441	58.6448
114.502	57.2323
114.563	48.6812
114.624	48.2604
114.685	43.3701
114.746	36.4102
114.807	32.4452
114.868	35.6823
114.929	34.032
114.99	37.4933
115.051	36.7758
115.112	34.8497
115.173	37.1731
115.234	41.9589
115.295	40.6016
115.356	42.0628
115.417	52.1236
115.479	55.457
115.54	54.2663
115.601	54.7649
115.662	55.1021
115.723	49.5809
115.784	48.4345
115.845	50.7001
115.906	68.6619
115.967	74.1928
116.028	78.4478
116.089	74.4412
116.15	68.1042
116.211	68.1447
116.272	60.3124
116.333	59.6512
116.394	55.2218
116.455	58.9286
116.516	46.8629
116.577	72.3933
116.638	72.7505
116.699	72.168
116.76	69.9117
116.821	75.1213
116.882	55.1832
116.943	55.5348
117.004	55.7352
117.065	56.325
117.126	49.9554
117.188	48.0083
117.249	46.0187
117.31	52.2125
117.371	55.2923
117.432	53.5416
117.493	51.3994
117.554	59.6526
117.615	66.6403
117.676	59.8544
117.737	60.1898
117.798	64.9384
117.859	61.3298
117.92	49.5674
117.981	52.6748
118.042	57.9599
118.103	60.2902
118.164	53.5473
118.225	51.5199
118.286	51.2615
118.347	44.3743
118.408	45.6898
118.469	48.7835
118.53	57.8539
118.591	57.4577
118.652	56.363
118.713	54.526
118.774	56.4516
118.835	49.7263
118.896	54.5832
118.958	53.4647
119.019	49.5779
119.08	44.3986
119.141	47.0007
119.202	40.3631
119.263	40.7784
119.324	36.7841
119.385	44.1512
119.446	42.4003
119.507	42.1266
119.568	62.4869
119.629	71.6976
119.69	66.5282
119.751	73.3135
119.812	74.1596
119.873	63.7641
119.934	70.1801
119.995	68.0742
120.056	60.4234
120.117	66.7539
120.178	52.8918
120.239	56.0958
120.3	58.5248
120.361	62.0664
120.422	65.2703
120.483	78.5943
120.544	88.4054
120.605	85.5763
120.667	94.4039
120.728	91.6682
120.789	83.6546
120.85	62.9793
120.911	66.1621
120.972	51.187
121.033	49.1951
121.094	54.2802
121.155	46.8475
121.216	45.97
121.277	47.0639
121.338	42.4531
121.399	43.191
121.46	62.0985
121.521	69.8567
121.582	89.8877
121.643	88.0006
121.704	87.832
121.765	76.8133
121.826	74.8781
121.887	68.7101
121.948	83.3293
122.009	77.4764
122.07	74.2065
122.131	81.3188
122.192	63.8012
122.253	54.9288
122.314	61.1541
122.375	67.4675
122.437	54.975
122.498	76.0656
122.559	72.0174
122.62	68.8655
122.681	60.9962
122.742	53.6261
122.803	35.5948
122.864	47.5975
122.925	53.4722
122.986	52.4595
123.047	56.9312
123.108	67.3655
123.169	64.7947
123.23	57.4204
123.291	70.835
123.352	81.1647
123.413	68.8675
123.474	61.5029
123.535	57.1818
123.596	46.0472
123.657	42.3289
123.718	50.184
123.779	52.5989
123.84	57.8974
123.901	58.4441
123.962	52.0851
124.023	49.1568
124.084	48.6797
124.146	52.051
124.207	60.194
124.268	68.0973
124.329	82.0074
124.39	85.661
124.451	81.072
124.512	83.1638
124.573	71.0761
124.634	58.3249
124.695	49.0313
124.756	58.3698
124.817	37.7737
124.878	33.6162
