0	0.0581055	0.0595703	0.0585938	0.0566406	0.0554199	0.0561523	0.0000000	0.0810547
1	0.0581055	0.0588379	0.0585938	0.0563965	0.0556641	0.0561523	0.0000000	0.0817871
2	0.0576172	0.0593262	0.0593262	0.0561523	0.0554199	0.0568848	0.0000000	0.0822754
3	0.0583496	0.0593262	0.0590820	0.0568848	0.0559082	0.0566406	0.0000000	0.0812988
4	0.0578613	0.0593262	0.0588379	0.0563965	0.0559082	0.0566406	0.0000000	0.0820313
5	0.0578613	0.0593262	0.0590820	0.0566406	0.0556641	0.0566406	0.0000000	0.0827637
6	0.0583496	0.0600586	0.0585938	0.0568848	0.0556641	0.0563965	0.0000000	0.0834961
7	0.0578613	0.0590820	0.0590820	0.0568848	0.0563965	0.0563965	0.0000000	0.0830078
8	0.0581055	0.0593262	0.0593262	0.0563965	0.0559082	0.0566406	0.0000000	0.0837402
9	0.0585938	0.0593262	0.0585938	0.0581055	0.0554199	0.0561523	0.0000000	0.0839844
10	0.0585938	0.0590820	0.0593262	0.0568848	0.0559082	0.0559082	0.0000000	0.0839844
11	0.0583496	0.0595703	0.0585938	0.0568848	0.0563965	0.0563965	0.0000000	0.0842285
12	0.0585938	0.0595703	0.0585938	0.0571289	0.0561523	0.0561523	0.0000000	0.0847168
13	0.0588379	0.0590820	0.0588379	0.0571289	0.0563965	0.0561523	0.0000000	0.0852051
14	0.0585938	0.0595703	0.0590820	0.0573731	0.0568848	0.0563965	0.0000000	0.0854492
15	0.0585938	0.0593262	0.0581055	0.0571289	0.0566406	0.0559082	0.0000000	0.0854492
16	0.0583496	0.0590820	0.0588379	0.0571289	0.0566406	0.0559082	0.0000000	0.0854492
17	0.0583496	0.0595703	0.0588379	0.0573731	0.0561523	0.0563965	0.0000000	0.0856934
18	0.0585938	0.0593262	0.0583496	0.0571289	0.0563965	0.0561523	0.0000000	0.0854492
19	0.0583496	0.0590820	0.0588379	0.0571289	0.0568848	0.0563965	0.0000000	0.0854492
20	0.0590820	0.0593262	0.0585938	0.0576172	0.0566406	0.0561523	0.0000000	0.0856934
21	0.0588379	0.0595703	0.0583496	0.0573731	0.0571289	0.0566406	0.0000000	0.0849609
22	0.0583496	0.0590820	0.0590820	0.0576172	0.0566406	0.0559082	0.0000000	0.0837402
23	0.0585938	0.0593262	0.0583496	0.0573731	0.0571289	0.0561523	0.0000000	0.0856934
24	0.0583496	0.0593262	0.0583496	0.0573731	0.0571289	0.0556641	0.0000000	0.0830078
25	0.0583496	0.0590820	0.0590820	0.0573731	0.0571289	0.0556641	0.0000000	0.0827637
26	0.0588379	0.0593262	0.0590820	0.0583496	0.0571289	0.0549316	0.0000000	0.0803223
27	0.0583496	0.0590820	0.0588379	0.0566406	0.0568848	0.0537109	0.0000000	0.0808106
28	0.0583496	0.0593262	0.0593262	0.0568848	0.0573731	0.0549316	0.0000000	0.0800781
29	0.0588379	0.0590820	0.0588379	0.0566406	0.0573731	0.0549316	0.0000000	0.0795899
30	0.0588379	0.0593262	0.0590820	0.0561523	0.0573731	0.0546875	0.0000000	0.0793457
31	0.0583496	0.0593262	0.0590820	0.0559082	0.0573731	0.0549316	0.0000000	0.0778809
32	0.0588379	0.0593262	0.0585938	0.0546875	0.0576172	0.0549316	0.0000000	0.0776367
33	0.0583496	0.0590820	0.0590820	0.0554199	0.0573731	0.0546875	0.0000000	0.0754395
34	0.0585938	0.0590820	0.0590820	0.0546875	0.0576172	0.0549316	0.0000000	0.0773926
35	0.0588379	0.0598145	0.0585938	0.0541992	0.0573731	0.0546875	0.0000000	0.0756836
36	0.0585938	0.0593262	0.0590820	0.0544434	0.0576172	0.0544434	0.0000000	0.0756836
37	0.0585938	0.0590820	0.0593262	0.0544434	0.0576172	0.0549316	0.0000000	0.0749512
38	0.0588379	0.0590820	0.0583496	0.0544434	0.0585938	0.0544434	0.0000000	0.0747070
39	0.0578613	0.0593262	0.0593262	0.0539551	0.0573731	0.0554199	0.0000000	0.0729981
40	0.0588379	0.0593262	0.0588379	0.0546875	0.0578613	0.0551758	0.0000000	0.0739746
41	0.0593262	0.0590820	0.0585938	0.0546875	0.0576172	0.0556641	0.0000000	0.0734863
42	0.0581055	0.0590820	0.0593262	0.0544434	0.0578613	0.0549316	0.0000000	0.0727539
43	0.0585938	0.0590820	0.0588379	0.0551758	0.0578613	0.0554199	0.0000000	0.0729981
44	0.0585938	0.0593262	0.0585938	0.0551758	0.0573731	0.0556641	0.0000000	0.0722656
45	0.0583496	0.0593262	0.0593262	0.0551758	0.0578613	0.0556641	0.0000000	0.0720215
46	0.0588379	0.0590820	0.0585938	0.0551758	0.0576172	0.0556641	0.0000000	0.0729981
47	0.0583496	0.0593262	0.0585938	0.0554199	0.0590820	0.0556641	0.0000000	0.0712891
48	0.0585938	0.0593262	0.0593262	0.0556641	0.0578613	0.0561523	0.0000000	0.0720215
49	0.0585938	0.0593262	0.0593262	0.0561523	0.0578613	0.0556641	0.0000000	0.0737305
50	0.0585938	0.0590820	0.0588379	0.0563965	0.0578613	0.0561523	0.0000000	0.0710449
51	0.0583496	0.0588379	0.0600586	0.0566406	0.0578613	0.0561523	0.0000000	0.0710449
52	0.0590820	0.0593262	0.0593262	0.0566406	0.0578613	0.0561523	0.0000000	0.0712891
53	0.0583496	0.0588379	0.0588379	0.0563965	0.0576172	0.0571289	0.0000000	0.0690918
54	0.0585938	0.0593262	0.0593262	0.0563965	0.0578613	0.0566406	0.0000000	0.0708008
55	0.0588379	0.0593262	0.0588379	0.0566406	0.0573731	0.0563965	0.0000000	0.0705566
56	0.0583496	0.0588379	0.0590820	0.0566406	0.0573731	0.0554199	0.0000000	0.0703125
57	0.0585938	0.0588379	0.0595703	0.0571289	0.0573731	0.0566406	0.0000000	0.0712891
58	0.0583496	0.0590820	0.0583496	0.0568848	0.0576172	0.0559082	0.0000000	0.0712891
59	0.0585938	0.0588379	0.0590820	0.0566406	0.0571289	0.0556641	0.0000000	0.0693359
60	0.0585938	0.0588379	0.0590820	0.0566406	0.0573731	0.0568848	0.0000000	0.0705566
61	0.0588379	0.0590820	0.0588379	0.0563965	0.0571289	0.0561523	0.0000000	0.0705566
62	0.0583496	0.0585938	0.0593262	0.0566406	0.0568848	0.0568848	0.0000000	0.0703125
63	0.0585938	0.0590820	0.0598145	0.0568848	0.0568848	0.0563965	0.0000000	0.0703125
64	0.0585938	0.0590820	0.0581055	0.0563965	0.0568848	0.0561523	0.0000000	0.0693359
65	0.0583496	0.0588379	0.0593262	0.0563965	0.0568848	0.0568848	0.0000000	0.0703125
66	0.0585938	0.0590820	0.0593262	0.0566406	0.0568848	0.0559082	0.0000000	0.0700684
67	0.0593262	0.0590820	0.0588379	0.0563965	0.0561523	0.0566406	0.0000000	0.0705566
68	0.0583496	0.0588379	0.0595703	0.0561523	0.0568848	0.0566406	0.0000000	0.0708008
69	0.0588379	0.0590820	0.0590820	0.0559082	0.0571289	0.0566406	0.0000000	0.0708008
70	0.0593262	0.0590820	0.0588379	0.0559082	0.0566406	0.0563965	0.0000000	0.0705566
71	0.0585938	0.0588379	0.0593262	0.0559082	0.0573731	0.0568848	0.0000000	0.0710449
72	0.0588379	0.0593262	0.0590820	0.0556641	0.0571289	0.0566406	0.0000000	0.0700684
73	0.0588379	0.0590820	0.0588379	0.0554199	0.0571289	0.0566406	0.0000000	0.0708008
74	0.0585938	0.0588379	0.0598145	0.0556641	0.0571289	0.0568848	0.0000000	0.0710449
75	0.0593262	0.0590820	0.0593262	0.0559082	0.0573731	0.0585938	0.0000000	0.0710449
76	0.0590820	0.0590820	0.0590820	0.0554199	0.0573731	0.0571289	0.0000000	0.0708008
77	0.0590820	0.0588379	0.0598145	0.0551758	0.0573731	0.0573731	0.0000000	0.0710449
78	0.0588379	0.0590820	0.0590820	0.0561523	0.0563965	0.0571289	0.0000000	0.0715332
79	0.0585938	0.0578613	0.0593262	0.0551758	0.0576172	0.0576172	0.0000000	0.0710449
80	0.0583496	0.0588379	0.0598145	0.0549316	0.0576172	0.0576172	0.0000000	0.0715332
81	0.0588379	0.0590820	0.0590820	0.0549316	0.0576172	0.0573731	0.0000000	0.0717774
82	0.0585938	0.0583496	0.0595703	0.0549316	0.0585938	0.0581055	0.0000000	0.0715332
83	0.0581055	0.0588379	0.0593262	0.0549316	0.0581055	0.0588379	0.0000000	0.0720215
84	0.0590820	0.0590820	0.0593262	0.0549316	0.0581055	0.0585938	0.0000000	0.0715332
85	0.0585938	0.0588379	0.0595703	0.0546875	0.0578613	0.0576172	0.0000000	0.0712891
86	0.0590820	0.0590820	0.0593262	0.0551758	0.0583496	0.0585938	0.0000000	0.0727539
87	0.0590820	0.0593262	0.0588379	0.0551758	0.0581055	0.0578613	0.0000000	0.0727539
88	0.0585938	0.0585938	0.0593262	0.0554199	0.0578613	0.0588379	0.0000000	0.0715332
89	0.0590820	0.0590820	0.0598145	0.0554199	0.0583496	0.0583496	0.0000000	0.0732422
90	0.0590820	0.0590820	0.0585938	0.0554199	0.0581055	0.0581055	0.0000000	0.0754395
91	0.0585938	0.0588379	0.0595703	0.0554199	0.0578613	0.0588379	0.0000000	0.0732422
92	0.0590820	0.0588379	0.0593262	0.0554199	0.0583496	0.0583496	0.0000000	0.0739746
93	0.0590820	0.0588379	0.0581055	0.0561523	0.0583496	0.0583496	0.0000000	0.0747070
94	0.0585938	0.0588379	0.0593262	0.0556641	0.0588379	0.0585938	0.0000000	0.0744629
95	0.0588379	0.0590820	0.0590820	0.0556641	0.0583496	0.0583496	0.0000000	0.0751953
96	0.0590820	0.0588379	0.0588379	0.0551758	0.0583496	0.0578613	0.0000000	0.0749512
97	0.0585938	0.0588379	0.0593262	0.0556641	0.0588379	0.0585938	0.0000000	0.0756836
98	0.0590820	0.0590820	0.0595703	0.0559082	0.0581055	0.0588379	0.0000000	0.0783691
99	0.0590820	0.0590820	0.0588379	0.0554199	0.0585938	0.0581055	0.0000000	0.0761719
100	0.0585938	0.0590820	0.0598145	0.0561523	0.0585938	0.0588379	0.0000000	0.0766602
101	0.0593262	0.0588379	0.0588379	0.0561523	0.0588379	0.0583496	0.0000000	0.0778809
102	0.0588379	0.0585938	0.0593262	0.0559082	0.0585938	0.0583496	0.0000000	0.0771484
103	0.0588379	0.0588379	0.0595703	0.0563965	0.0585938	0.0581055	0.0000000	0.0781250
104	0.0593262	0.0590820	0.0593262	0.0561523	0.0585938	0.0581055	0.0000000	0.0771484
105	0.0590820	0.0585938	0.0590820	0.0559082	0.0585938	0.0571289	0.0000000	0.0778809
106	0.0590820	0.0585938	0.0593262	0.0561523	0.0583496	0.0581055	0.0000000	0.0786133
107	0.0593262	0.0590820	0.0588379	0.0559082	0.0583496	0.0573731	0.0000000	0.0791016
108	0.0588379	0.0585938	0.0598145	0.0561523	0.0585938	0.0573731	0.0000000	0.0783691
109	0.0593262	0.0585938	0.0598145	0.0563965	0.0585938	0.0576172	0.0000000	0.0788574
110	0.0598145	0.0590820	0.0588379	0.0561523	0.0583496	0.0571289	0.0000000	0.0788574
111	0.0590820	0.0583496	0.0593262	0.0559082	0.0583496	0.0571289	0.0000000	0.0788574
112	0.0593262	0.0588379	0.0593262	0.0563965	0.0585938	0.0566406	0.0000000	0.0788574
113	0.0593262	0.0588379	0.0588379	0.0563965	0.0583496	0.0559082	0.0000000	0.0786133
114	0.0588379	0.0588379	0.0593262	0.0561523	0.0583496	0.0561523	0.0000000	0.0778809
115	0.0593262	0.0588379	0.0590820	0.0566406	0.0585938	0.0554199	0.0000000	0.0778809
116	0.0593262	0.0588379	0.0588379	0.0559082	0.0583496	0.0554199	0.0000000	0.0778809
117	0.0590820	0.0585938	0.0595703	0.0563965	0.0583496	0.0549316	0.0000000	0.0771484
118	0.0593262	0.0590820	0.0593262	0.0561523	0.0585938	0.0554199	0.0000000	0.0773926
119	0.0593262	0.0588379	0.0588379	0.0563965	0.0583496	0.0554199	0.0000000	0.0769043
120	0.0590820	0.0585938	0.0595703	0.0566406	0.0583496	0.0556641	0.0000000	0.0764160
121	0.0595703	0.0590820	0.0588379	0.0566406	0.0588379	0.0556641	0.0000000	0.0759277
122	0.0595703	0.0588379	0.0588379	0.0566406	0.0583496	0.0549316	0.0000000	0.0759277
123	0.0593262	0.0585938	0.0598145	0.0568848	0.0585938	0.0561523	0.0000000	0.0756836
124	0.0603027	0.0590820	0.0595703	0.0563965	0.0576172	0.0563965	0.0000000	0.0756836
125	0.0595703	0.0593262	0.0590820	0.0563965	0.0590820	0.0559082	0.0000000	0.0747070
126	0.0588379	0.0590820	0.0593262	0.0563965	0.0588379	0.0559082	0.0000000	0.0747070
127	0.0593262	0.0585938	0.0590820	0.0568848	0.0588379	0.0556641	0.0000000	0.0749512
128	0.0595703	0.0588379	0.0590820	0.0561523	0.0588379	0.0559082	0.0000000	0.0734863
129	0.0595703	0.0588379	0.0595703	0.0566406	0.0585938	0.0559082	0.0000000	0.0742188
130	0.0595703	0.0590820	0.0590820	0.0576172	0.0588379	0.0556641	0.0000000	0.0742188
131	0.0595703	0.0588379	0.0593262	0.0563965	0.0590820	0.0554199	0.0000000	0.0729981
132	0.0595703	0.0585938	0.0595703	0.0568848	0.0590820	0.0556641	0.0000000	0.0737305
133	0.0595703	0.0588379	0.0588379	0.0568848	0.0595703	0.0551758	0.0000000	0.0737305
134	0.0593262	0.0585938	0.0585938	0.0563965	0.0593262	0.0554199	0.0000000	0.0727539
135	0.0593262	0.0588379	0.0595703	0.0566406	0.0593262	0.0556641	0.0000000	0.0729981
136	0.0600586	0.0590820	0.0585938	0.0568848	0.0590820	0.0554199	0.0000000	0.0729981
137	0.0593262	0.0585938	0.0593262	0.0568848	0.0593262	0.0556641	0.0000000	0.0725098
138	0.0595703	0.0588379	0.0590820	0.0571289	0.0590820	0.0556641	0.0000000	0.0722656
139	0.0585938	0.0590820	0.0585938	0.0571289	0.0588379	0.0532227	0.0000000	0.0727539
140	0.0593262	0.0588379	0.0590820	0.0571289	0.0590820	0.0554199	0.0000000	0.0722656
141	0.0595703	0.0590820	0.0593262	0.0571289	0.0593262	0.0556641	0.0000000	0.0715332
142	0.0598145	0.0585938	0.0590820	0.0573731	0.0593262	0.0549316	0.0000000	0.0720215
143	0.0593262	0.0585938	0.0590820	0.0571289	0.0595703	0.0554199	0.0000000	0.0717774
144	0.0595703	0.0588379	0.0588379	0.0571289	0.0593262	0.0549316	0.0000000	0.0725098
145	0.0598145	0.0585938	0.0588379	0.0568848	0.0605469	0.0546875	0.0000000	0.0715332
146	0.0590820	0.0583496	0.0593262	0.0566406	0.0593262	0.0551758	0.0000000	0.0717774
147	0.0595703	0.0588379	0.0593262	0.0561523	0.0590820	0.0546875	0.0000000	0.0747070
148	0.0598145	0.0585938	0.0588379	0.0559082	0.0585938	0.0546875	0.0000000	0.0717774
149	0.0593262	0.0585938	0.0598145	0.0551758	0.0593262	0.0549316	0.0000000	0.0715332
150	0.0600586	0.0588379	0.0588379	0.0551758	0.0585938	0.0546875	0.0000000	0.0688477
151	0.0598145	0.0583496	0.0593262	0.0554199	0.0588379	0.0541992	0.0000000	0.0708008
152	0.0595703	0.0583496	0.0595703	0.0551758	0.0588379	0.0549316	0.0000000	0.0715332
153	0.0600586	0.0588379	0.0590820	0.0551758	0.0588379	0.0546875	0.0000000	0.0712891
154	0.0598145	0.0583496	0.0588379	0.0546875	0.0585938	0.0546875	0.0000000	0.0710449
155	0.0595703	0.0583496	0.0598145	0.0549316	0.0585938	0.0551758	0.0000000	0.0712891
156	0.0603027	0.0585938	0.0590820	0.0544434	0.0588379	0.0551758	0.0000000	0.0725098
157	0.0595703	0.0583496	0.0598145	0.0534668	0.0583496	0.0551758	0.0000000	0.0710449
158	0.0598145	0.0581055	0.0595703	0.0544434	0.0585938	0.0554199	0.0000000	0.0712891
159	0.0598145	0.0583496	0.0583496	0.0541992	0.0583496	0.0551758	0.0000000	0.0700684
160	0.0595703	0.0578613	0.0595703	0.0541992	0.0583496	0.0556641	0.0000000	0.0712891
161	0.0595703	0.0578613	0.0595703	0.0539551	0.0583496	0.0554199	0.0000000	0.0715332
162	0.0598145	0.0578613	0.0593262	0.0541992	0.0585938	0.0549316	0.0000000	0.0715332
163	0.0595703	0.0576172	0.0598145	0.0539551	0.0581055	0.0556641	0.0000000	0.0705566
164	0.0598145	0.0581055	0.0590820	0.0537109	0.0583496	0.0554199	0.0000000	0.0715332
165	0.0598145	0.0581055	0.0593262	0.0541992	0.0588379	0.0554199	0.0000000	0.0710449
166	0.0595703	0.0581055	0.0595703	0.0537109	0.0583496	0.0559082	0.0000000	0.0712891
167	0.0595703	0.0581055	0.0593262	0.0541992	0.0581055	0.0554199	0.0000000	0.0717774
168	0.0600586	0.0578613	0.0585938	0.0541992	0.0581055	0.0554199	0.0000000	0.0717774
169	0.0598145	0.0576172	0.0598145	0.0541992	0.0578613	0.0556641	0.0000000	0.0710449
170	0.0598145	0.0581055	0.0590820	0.0544434	0.0581055	0.0561523	0.0000000	0.0725098
171	0.0595703	0.0578613	0.0585938	0.0541992	0.0581055	0.0559082	0.0000000	0.0712891
172	0.0590820	0.0576172	0.0595703	0.0541992	0.0583496	0.0566406	0.0000000	0.0712891
173	0.0598145	0.0573731	0.0595703	0.0544434	0.0585938	0.0561523	0.0000000	0.0720215
174	0.0598145	0.0578613	0.0590820	0.0544434	0.0578613	0.0563965	0.0000000	0.0710449
175	0.0595703	0.0576172	0.0598145	0.0544434	0.0576172	0.0563965	0.0000000	0.0717774
176	0.0598145	0.0585938	0.0588379	0.0556641	0.0578613	0.0559082	0.0000000	0.0720215
177	0.0595703	0.0576172	0.0593262	0.0551758	0.0563965	0.0559082	0.0000000	0.0720215
178	0.0593262	0.0578613	0.0590820	0.0551758	0.0576172	0.0568848	0.0000000	0.0717774
179	0.0598145	0.0581055	0.0585938	0.0551758	0.0573731	0.0568848	0.0000000	0.0722656
180	0.0595703	0.0573731	0.0576172	0.0554199	0.0576172	0.0568848	0.0000000	0.0729981
181	0.0598145	0.0576172	0.0585938	0.0556641	0.0571289	0.0573731	0.0000000	0.0717774
182	0.0600586	0.0576172	0.0576172	0.0556641	0.0573731	0.0568848	0.0000000	0.0722656
183	0.0595703	0.0576172	0.0571289	0.0554199	0.0571289	0.0563965	0.0000000	0.0722656
184	0.0595703	0.0576172	0.0571289	0.0559082	0.0573731	0.0571289	0.0000000	0.0725098
185	0.0595703	0.0581055	0.0561523	0.0559082	0.0571289	0.0541992	0.0000000	0.0720215
186	0.0598145	0.0573731	0.0556641	0.0559082	0.0571289	0.0566406	0.0000000	0.0722656
187	0.0593262	0.0581055	0.0559082	0.0561523	0.0571289	0.0559082	0.0000000	0.0729981
188	0.0598145	0.0578613	0.0549316	0.0556641	0.0573731	0.0556641	0.0000000	0.0727539
189	0.0593262	0.0576172	0.0556641	0.0563965	0.0573731	0.0556641	0.0000000	0.0722656
190	0.0598145	0.0578613	0.0554199	0.0563965	0.0571289	0.0554199	0.0000000	0.0729981
191	0.0598145	0.0578613	0.0546875	0.0563965	0.0568848	0.0554199	0.0000000	0.0729981
192	0.0593262	0.0578613	0.0554199	0.0561523	0.0573731	0.0556641	0.0000000	0.0727539
193	0.0598145	0.0583496	0.0546875	0.0568848	0.0573731	0.0554199	0.0000000	0.0737305
194	0.0598145	0.0578613	0.0544434	0.0568848	0.0568848	0.0549316	0.0000000	0.0737305
195	0.0595703	0.0573731	0.0549316	0.0566406	0.0568848	0.0554199	0.0000000	0.0742188
196	0.0595703	0.0578613	0.0546875	0.0566406	0.0563965	0.0559082	0.0000000	0.0722656
197	0.0595703	0.0581055	0.0546875	0.0566406	0.0563965	0.0556641	0.0000000	0.0747070
198	0.0593262	0.0581055	0.0551758	0.0563965	0.0563965	0.0563965	0.0000000	0.0751953
199	0.0595703	0.0583496	0.0549316	0.0563965	0.0561523	0.0563965	0.0000000	0.0783691
200	0.0595703	0.0578613	0.0549316	0.0566406	0.0554199	0.0561523	0.0000000	0.0751953
201	0.0593262	0.0573731	0.0559082	0.0573731	0.0554199	0.0566406	0.0000000	0.0759277
202	0.0598145	0.0578613	0.0554199	0.0566406	0.0549316	0.0566406	0.0000000	0.0759277
203	0.0593262	0.0581055	0.0554199	0.0563965	0.0546875	0.0563965	0.0000000	0.0754395
204	0.0595703	0.0578613	0.0561523	0.0568848	0.0549316	0.0568848	0.0000000	0.0761719
205	0.0598145	0.0581055	0.0551758	0.0566406	0.0554199	0.0568848	0.0000000	0.0756836
206	0.0595703	0.0576172	0.0554199	0.0563965	0.0559082	0.0566406	0.0000000	0.0761719
207	0.0593262	0.0578613	0.0561523	0.0568848	0.0544434	0.0566406	0.0000000	0.0749512
208	0.0598145	0.0583496	0.0556641	0.0566406	0.0544434	0.0563965	0.0000000	0.0747070
209	0.0590820	0.0581055	0.0561523	0.0563965	0.0537109	0.0563965	0.0000000	0.0747070
210	0.0595703	0.0581055	0.0566406	0.0568848	0.0541992	0.0566406	0.0000000	0.0742188
211	0.0598145	0.0581055	0.0554199	0.0566406	0.0544434	0.0561523	0.0000000	0.0737305
212	0.0595703	0.0578613	0.0559082	0.0561523	0.0539551	0.0563965	0.0000000	0.0720215
213	0.0598145	0.0581055	0.0561523	0.0571289	0.0539551	0.0561523	0.0000000	0.0734863
214	0.0595703	0.0585938	0.0554199	0.0566406	0.0539551	0.0559082	0.0000000	0.0729981
215	0.0593262	0.0581055	0.0563965	0.0568848	0.0539551	0.0561523	0.0000000	0.0722656
216	0.0598145	0.0581055	0.0566406	0.0571289	0.0534668	0.0559082	0.0000000	0.0725098
217	0.0593262	0.0583496	0.0559082	0.0571289	0.0541992	0.0559082	0.0000000	0.0734863
218	0.0593262	0.0578613	0.0563965	0.0571289	0.0541992	0.0559082	0.0000000	0.0717774
219	0.0598145	0.0581055	0.0563965	0.0571289	0.0541992	0.0559082	0.0000000	0.0717774
220	0.0598145	0.0581055	0.0559082	0.0573731	0.0541992	0.0559082	0.0000000	0.0705566
221	0.0593262	0.0578613	0.0563965	0.0571289	0.0541992	0.0561523	0.0000000	0.0708008
222	0.0595703	0.0583496	0.0561523	0.0573731	0.0544434	0.0556641	0.0000000	0.0698242
223	0.0593262	0.0581055	0.0559082	0.0571289	0.0541992	0.0554199	0.0000000	0.0703125
224	0.0593262	0.0578613	0.0566406	0.0573731	0.0544434	0.0559082	0.0000000	0.0708008
225	0.0598145	0.0583496	0.0556641	0.0561523	0.0544434	0.0559082	0.0000000	0.0703125
226	0.0598145	0.0581055	0.0559082	0.0585938	0.0539551	0.0556641	0.0000000	0.0698242
227	0.0595703	0.0578613	0.0566406	0.0573731	0.0544434	0.0556641	0.0000000	0.0703125
228	0.0593262	0.0585938	0.0559082	0.0576172	0.0541992	0.0554199	0.0000000	0.0698242
229	0.0595703	0.0581055	0.0576172	0.0573731	0.0544434	0.0554199	0.0000000	0.0695801
230	0.0593262	0.0578613	0.0563965	0.0573731	0.0544434	0.0554199	0.0000000	0.0698242
231	0.0603027	0.0581055	0.0561523	0.0578613	0.0544434	0.0556641	0.0000000	0.0698242
232	0.0593262	0.0576172	0.0563965	0.0563965	0.0544434	0.0551758	0.0000000	0.0686035
233	0.0593262	0.0581055	0.0561523	0.0573731	0.0546875	0.0551758	0.0000000	0.0698242
234	0.0598145	0.0583496	0.0556641	0.0576172	0.0549316	0.0551758	0.0000000	0.0686035
235	0.0593262	0.0581055	0.0566406	0.0576172	0.0546875	0.0554199	0.0000000	0.0695801
236	0.0595703	0.0583496	0.0566406	0.0573731	0.0556641	0.0556641	0.0000000	0.0695801
237	0.0598145	0.0583496	0.0556641	0.0573731	0.0554199	0.0546875	0.0000000	0.0695801
238	0.0593262	0.0583496	0.0566406	0.0568848	0.0559082	0.0556641	0.0000000	0.0688477
239	0.0598145	0.0583496	0.0566406	0.0568848	0.0556641	0.0556641	0.0000000	0.0698242
240	0.0598145	0.0585938	0.0563965	0.0566406	0.0559082	0.0554199	0.0000000	0.0690918
241	0.0595703	0.0581055	0.0571289	0.0563965	0.0554199	0.0551758	0.0000000	0.0695801
242	0.0598145	0.0583496	0.0566406	0.0559082	0.0559082	0.0554199	0.0000000	0.0695801
243	0.0605469	0.0581055	0.0561523	0.0554199	0.0556641	0.0551758	0.0000000	0.0695801
244	0.0595703	0.0583496	0.0571289	0.0551758	0.0554199	0.0559082	0.0000000	0.0690918
245	0.0598145	0.0583496	0.0566406	0.0551758	0.0551758	0.0556641	0.0000000	0.0700684
246	0.0595703	0.0581055	0.0563965	0.0549316	0.0544434	0.0549316	0.0000000	0.0673828
247	0.0593262	0.0583496	0.0573731	0.0546875	0.0544434	0.0556641	0.0000000	0.0698242
248	0.0593262	0.0588379	0.0568848	0.0544434	0.0541992	0.0563965	0.0000000	0.0698242
249	0.0598145	0.0588379	0.0568848	0.0541992	0.0544434	0.0556641	0.0000000	0.0722656
250	0.0595703	0.0583496	0.0578613	0.0544434	0.0532227	0.0549316	0.0000000	0.0698242
251	0.0595703	0.0583496	0.0576172	0.0544434	0.0534668	0.0544434	0.0000000	0.0700684
252	0.0595703	0.0585938	0.0573731	0.0541992	0.0534668	0.0554199	0.0000000	0.0698242
253	0.0595703	0.0583496	0.0581055	0.0544434	0.0534668	0.0556641	0.0000000	0.0700684
254	0.0595703	0.0590820	0.0576172	0.0544434	0.0537109	0.0554199	0.0000000	0.0705566
255	0.0595703	0.0583496	0.0581055	0.0541992	0.0532227	0.0563965	0.0000000	0.0690918
256	0.0593262	0.0583496	0.0585938	0.0539551	0.0539551	0.0556641	0.0000000	0.0695801
257	0.0598145	0.0585938	0.0581055	0.0539551	0.0534668	0.0556641	0.0000000	0.0693359
258	0.0590820	0.0585938	0.0585938	0.0541992	0.0537109	0.0551758	0.0000000	0.0700684
259	0.0595703	0.0585938	0.0588379	0.0541992	0.0539551	0.0559082	0.0000000	0.0690918
260	0.0600586	0.0585938	0.0578613	0.0537109	0.0537109	0.0561523	0.0000000	0.0703125
261	0.0595703	0.0588379	0.0583496	0.0539551	0.0537109	0.0559082	0.0000000	0.0698242
262	0.0593262	0.0585938	0.0588379	0.0541992	0.0537109	0.0556641	0.0000000	0.0705566
263	0.0593262	0.0588379	0.0581055	0.0539551	0.0537109	0.0544434	0.0000000	0.0700684
264	0.0590820	0.0585938	0.0590820	0.0541992	0.0539551	0.0554199	0.0000000	0.0705566
265	0.0593262	0.0588379	0.0585938	0.0541992	0.0541992	0.0554199	0.0000000	0.0710449
266	0.0595703	0.0585938	0.0598145	0.0537109	0.0539551	0.0554199	0.0000000	0.0717774
267	0.0588379	0.0585938	0.0593262	0.0537109	0.0541992	0.0559082	0.0000000	0.0708008
268	0.0598145	0.0585938	0.0588379	0.0539551	0.0539551	0.0554199	0.0000000	0.0712891
269	0.0593262	0.0585938	0.0585938	0.0541992	0.0541992	0.0556641	0.0000000	0.0705566
270	0.0590820	0.0583496	0.0590820	0.0539551	0.0539551	0.0556641	0.0000000	0.0712891
271	0.0583496	0.0588379	0.0590820	0.0539551	0.0537109	0.0561523	0.0000000	0.0725098
272	0.0590820	0.0588379	0.0583496	0.0539551	0.0541992	0.0554199	0.0000000	0.0710449
273	0.0583496	0.0585938	0.0593262	0.0537109	0.0544434	0.0561523	0.0000000	0.0715332
274	0.0593262	0.0593262	0.0590820	0.0541992	0.0551758	0.0573731	0.0000000	0.0698242
275	0.0588379	0.0581055	0.0581055	0.0539551	0.0546875	0.0559082	0.0000000	0.0710449
276	0.0585938	0.0585938	0.0593262	0.0541992	0.0546875	0.0559082	0.0000000	0.0717774
277	0.0588379	0.0588379	0.0581055	0.0541992	0.0546875	0.0556641	0.0000000	0.0712891
278	0.0588379	0.0583496	0.0588379	0.0532227	0.0554199	0.0556641	0.0000000	0.0715332
279	0.0581055	0.0585938	0.0590820	0.0544434	0.0556641	0.0559082	0.0000000	0.0720215
280	0.0585938	0.0585938	0.0588379	0.0541992	0.0561523	0.0559082	0.0000000	0.0725098
281	0.0581055	0.0588379	0.0593262	0.0544434	0.0568848	0.0556641	0.0000000	0.0717774
282	0.0583496	0.0585938	0.0593262	0.0546875	0.0568848	0.0561523	0.0000000	0.0722656
283	0.0581055	0.0585938	0.0598145	0.0546875	0.0566406	0.0556641	0.0000000	0.0693359
284	0.0578613	0.0585938	0.0590820	0.0532227	0.0571289	0.0559082	0.0000000	0.0725098
285	0.0576172	0.0585938	0.0595703	0.0544434	0.0573731	0.0561523	0.0000000	0.0734863
286	0.0576172	0.0588379	0.0588379	0.0541992	0.0578613	0.0559082	0.0000000	0.0727539
287	0.0571289	0.0585938	0.0588379	0.0544434	0.0571289	0.0556641	0.0000000	0.0725098
288	0.0573731	0.0588379	0.0593262	0.0551758	0.0578613	0.0559082	0.0000000	0.0732422
289	0.0571289	0.0583496	0.0583496	0.0549316	0.0578613	0.0559082	0.0000000	0.0729981
290	0.0566406	0.0588379	0.0588379	0.0549316	0.0581055	0.0561523	0.0000000	0.0732422
291	0.0566406	0.0588379	0.0590820	0.0554199	0.0578613	0.0561523	0.0000000	0.0742188
292	0.0563965	0.0585938	0.0583496	0.0554199	0.0571289	0.0559082	0.0000000	0.0732422
293	0.0561523	0.0583496	0.0590820	0.0554199	0.0581055	0.0563965	0.0000000	0.0734863
294	0.0559082	0.0581055	0.0588379	0.0559082	0.0581055	0.0559082	0.0000000	0.0744629
295	0.0556641	0.0581055	0.0585938	0.0556641	0.0581055	0.0559082	0.0000000	0.0737305
296	0.0554199	0.0571289	0.0593262	0.0561523	0.0578613	0.0561523	0.0000000	0.0739746
297	0.0554199	0.0571289	0.0588379	0.0561523	0.0581055	0.0561523	0.0000000	0.0739746
298	0.0554199	0.0563965	0.0585938	0.0561523	0.0573731	0.0556641	0.0000000	0.0742188
299	0.0554199	0.0561523	0.0598145	0.0561523	0.0568848	0.0563965	0.0000000	0.0747070
300	0.0554199	0.0561523	0.0590820	0.0561523	0.0563965	0.0561523	0.0000000	0.0751953
301	0.0554199	0.0559082	0.0588379	0.0563965	0.0561523	0.0561523	0.0000000	0.0742188
302	0.0554199	0.0559082	0.0593262	0.0563965	0.0559082	0.0561523	0.0000000	0.0754395
303	0.0556641	0.0556641	0.0585938	0.0568848	0.0556641	0.0559082	0.0000000	0.0756836
304	0.0554199	0.0561523	0.0590820	0.0563965	0.0554199	0.0561523	0.0000000	0.0759277
305	0.0554199	0.0561523	0.0595703	0.0563965	0.0554199	0.0559082	0.0000000	0.0769043
306	0.0556641	0.0561523	0.0590820	0.0568848	0.0551758	0.0556641	0.0000000	0.0783691
307	0.0554199	0.0559082	0.0593262	0.0568848	0.0549316	0.0554199	0.0000000	0.0771484
308	0.0554199	0.0559082	0.0595703	0.0568848	0.0554199	0.0556641	0.0000000	0.0776367
309	0.0554199	0.0566406	0.0590820	0.0571289	0.0546875	0.0556641	0.0000000	0.0776367
310	0.0559082	0.0568848	0.0595703	0.0568848	0.0546875	0.0559082	0.0000000	0.0783691
311	0.0561523	0.0568848	0.0600586	0.0573731	0.0549316	0.0559082	0.0000000	0.0786133
312	0.0559082	0.0573731	0.0588379	0.0573731	0.0546875	0.0554199	0.0000000	0.0781250
313	0.0556641	0.0571289	0.0593262	0.0571289	0.0549316	0.0559082	0.0000000	0.0783691
314	0.0559082	0.0573731	0.0595703	0.0573731	0.0551758	0.0551758	0.0000000	0.0786133
315	0.0559082	0.0568848	0.0588379	0.0566406	0.0551758	0.0539551	0.0000000	0.0783691
316	0.0556641	0.0571289	0.0595703	0.0571289	0.0549316	0.0551758	0.0000000	0.0781250
317	0.0556641	0.0576172	0.0593262	0.0566406	0.0551758	0.0551758	0.0000000	0.0788574
318	0.0556641	0.0573731	0.0590820	0.0563965	0.0554199	0.0544434	0.0000000	0.0783691
319	0.0551758	0.0571289	0.0588379	0.0561523	0.0559082	0.0544434	0.0000000	0.0778809
320	0.0556641	0.0566406	0.0588379	0.0563965	0.0554199	0.0546875	0.0000000	0.0783691
321	0.0556641	0.0568848	0.0595703	0.0563965	0.0561523	0.0544434	0.0000000	0.0754395
322	0.0556641	0.0566406	0.0595703	0.0568848	0.0559082	0.0546875	0.0000000	0.0776367
323	0.0561523	0.0568848	0.0590820	0.0566406	0.0561523	0.0549316	0.0000000	0.0764160
324	0.0561523	0.0566406	0.0590820	0.0563965	0.0561523	0.0544434	0.0000000	0.0769043
325	0.0561523	0.0563965	0.0598145	0.0561523	0.0566406	0.0551758	0.0000000	0.0771484
326	0.0566406	0.0561523	0.0593262	0.0578613	0.0566406	0.0549316	0.0000000	0.0771484
327	0.0568848	0.0561523	0.0588379	0.0563965	0.0561523	0.0554199	0.0000000	0.0744629
328	0.0568848	0.0561523	0.0593262	0.0571289	0.0566406	0.0551758	0.0000000	0.0764160
329	0.0571289	0.0563965	0.0585938	0.0566406	0.0561523	0.0554199	0.0000000	0.0769043
330	0.0568848	0.0563965	0.0585938	0.0568848	0.0566406	0.0554199	0.0000000	0.0756836
331	0.0571289	0.0561523	0.0585938	0.0571289	0.0571289	0.0554199	0.0000000	0.0761719
332	0.0573731	0.0566406	0.0576172	0.0571289	0.0559082	0.0551758	0.0000000	0.0761719
333	0.0566406	0.0563965	0.0581055	0.0571289	0.0571289	0.0561523	0.0000000	0.0751953
334	0.0566406	0.0566406	0.0581055	0.0576172	0.0571289	0.0563965	0.0000000	0.0759277
335	0.0573731	0.0566406	0.0573731	0.0573731	0.0568848	0.0546875	0.0000000	0.0751953
336	0.0571289	0.0568848	0.0573731	0.0573731	0.0566406	0.0554199	0.0000000	0.0751953
337	0.0568848	0.0566406	0.0581055	0.0576172	0.0571289	0.0559082	0.0000000	0.0756836
338	0.0571289	0.0571289	0.0571289	0.0573731	0.0566406	0.0559082	0.0000000	0.0749512
339	0.0563965	0.0571289	0.0576172	0.0578613	0.0571289	0.0561523	0.0000000	0.0754395
340	0.0571289	0.0576172	0.0578613	0.0573731	0.0573731	0.0563965	0.0000000	0.0751953
341	0.0571289	0.0576172	0.0576172	0.0576172	0.0568848	0.0566406	0.0000000	0.0749512
342	0.0566406	0.0573731	0.0581055	0.0573731	0.0568848	0.0566406	0.0000000	0.0751953
343	0.0571289	0.0581055	0.0583496	0.0578613	0.0571289	0.0563965	0.0000000	0.0756836
344	0.0563965	0.0576172	0.0576172	0.0576172	0.0571289	0.0556641	0.0000000	0.0764160
345	0.0563965	0.0571289	0.0588379	0.0578613	0.0568848	0.0563965	0.0000000	0.0749512
346	0.0563965	0.0578613	0.0583496	0.0571289	0.0568848	0.0566406	0.0000000	0.0751953
347	0.0563965	0.0576172	0.0581055	0.0576172	0.0568848	0.0561523	0.0000000	0.0747070
348	0.0556641	0.0578613	0.0588379	0.0576172	0.0571289	0.0566406	0.0000000	0.0754395
349	0.0559082	0.0578613	0.0585938	0.0578613	0.0576172	0.0568848	0.0000000	0.0751953
350	0.0554199	0.0573731	0.0573731	0.0576172	0.0568848	0.0563965	0.0000000	0.0744629
351	0.0549316	0.0566406	0.0588379	0.0581055	0.0571289	0.0568848	0.0000000	0.0749512
352	0.0554199	0.0566406	0.0578613	0.0576172	0.0568848	0.0566406	0.0000000	0.0756836
353	0.0544434	0.0571289	0.0583496	0.0576172	0.0568848	0.0563965	0.0000000	0.0751953
354	0.0544434	0.0568848	0.0585938	0.0581055	0.0566406	0.0566406	0.0000000	0.0756836
355	0.0544434	0.0573731	0.0585938	0.0583496	0.0566406	0.0566406	0.0000000	0.0754395
356	0.0539551	0.0568848	0.0585938	0.0573731	0.0566406	0.0561523	0.0000000	0.0749512
357	0.0537109	0.0568848	0.0590820	0.0581055	0.0563965	0.0566406	0.0000000	0.0754395
358	0.0541992	0.0568848	0.0573731	0.0578613	0.0568848	0.0561523	0.0000000	0.0776367
359	0.0537109	0.0566406	0.0581055	0.0593262	0.0563965	0.0566406	0.0000000	0.0754395
360	0.0537109	0.0566406	0.0578613	0.0578613	0.0563965	0.0566406	0.0000000	0.0759277
361	0.0537109	0.0566406	0.0566406	0.0585938	0.0561523	0.0554199	0.0000000	0.0759277
362	0.0534668	0.0563965	0.0568848	0.0576172	0.0561523	0.0568848	0.0000000	0.0754395
363	0.0537109	0.0563965	0.0568848	0.0578613	0.0563965	0.0561523	0.0000000	0.0764160
364	0.0541992	0.0563965	0.0554199	0.0573731	0.0561523	0.0561523	0.0000000	0.0759277
365	0.0537109	0.0563965	0.0551758	0.0573731	0.0563965	0.0556641	0.0000000	0.0756836
366	0.0537109	0.0563965	0.0544434	0.0573731	0.0556641	0.0554199	0.0000000	0.0764160
367	0.0541992	0.0563965	0.0537109	0.0573731	0.0559082	0.0554199	0.0000000	0.0761719
368	0.0539551	0.0563965	0.0541992	0.0571289	0.0556641	0.0559082	0.0000000	0.0759277
369	0.0541992	0.0563965	0.0544434	0.0573731	0.0561523	0.0556641	0.0000000	0.0771484
370	0.0537109	0.0563965	0.0544434	0.0573731	0.0556641	0.0559082	0.0000000	0.0761719
371	0.0546875	0.0561523	0.0551758	0.0568848	0.0559082	0.0556641	0.0000000	0.0766602
372	0.0546875	0.0566406	0.0551758	0.0576172	0.0561523	0.0556641	0.0000000	0.0781250
373	0.0551758	0.0571289	0.0556641	0.0568848	0.0551758	0.0551758	0.0000000	0.0766602
374	0.0549316	0.0563965	0.0566406	0.0571289	0.0556641	0.0554199	0.0000000	0.0769043
375	0.0556641	0.0571289	0.0559082	0.0568848	0.0563965	0.0551758	0.0000000	0.0788574
376	0.0554199	0.0568848	0.0566406	0.0566406	0.0556641	0.0554199	0.0000000	0.0764160
377	0.0554199	0.0571289	0.0573731	0.0566406	0.0556641	0.0556641	0.0000000	0.0773926
378	0.0561523	0.0568848	0.0573731	0.0561523	0.0554199	0.0556641	0.0000000	0.0778809
379	0.0559082	0.0578613	0.0571289	0.0559082	0.0556641	0.0541992	0.0000000	0.0773926
380	0.0559082	0.0578613	0.0578613	0.0571289	0.0549316	0.0556641	0.0000000	0.0776367
381	0.0563965	0.0583496	0.0561523	0.0568848	0.0556641	0.0551758	0.0000000	0.0788574
382	0.0559082	0.0583496	0.0578613	0.0583496	0.0556641	0.0559082	0.0000000	0.0773926
383	0.0563965	0.0585938	0.0578613	0.0568848	0.0556641	0.0551758	0.0000000	0.0781250
384	0.0559082	0.0588379	0.0571289	0.0566406	0.0554199	0.0546875	0.0000000	0.0778809
385	0.0566406	0.0588379	0.0578613	0.0566406	0.0559082	0.0554199	0.0000000	0.0776367
386	0.0568848	0.0593262	0.0578613	0.0573731	0.0559082	0.0554199	0.0000000	0.0778809
387	0.0568848	0.0593262	0.0573731	0.0568848	0.0561523	0.0551758	0.0000000	0.0798340
388	0.0573731	0.0593262	0.0576172	0.0568848	0.0563965	0.0544434	0.0000000	0.0778809
389	0.0576172	0.0595703	0.0573731	0.0573731	0.0563965	0.0549316	0.0000000	0.0788574
390	0.0571289	0.0598145	0.0566406	0.0568848	0.0561523	0.0551758	0.0000000	0.0778809
391	0.0576172	0.0593262	0.0578613	0.0571289	0.0561523	0.0556641	0.0000000	0.0773926
392	0.0573731	0.0595703	0.0573731	0.0571289	0.0566406	0.0551758	0.0000000	0.0783691
393	0.0576172	0.0595703	0.0571289	0.0566406	0.0561523	0.0554199	0.0000000	0.0837402
394	0.0571289	0.0588379	0.0576172	0.0576172	0.0566406	0.0554199	0.0000000	0.0773926
395	0.0571289	0.0588379	0.0571289	0.0573731	0.0563965	0.0556641	0.0000000	0.0786133
396	0.0568848	0.0585938	0.0571289	0.0573731	0.0563965	0.0549316	0.0000000	0.0778809
397	0.0563965	0.0578613	0.0578613	0.0568848	0.0559082	0.0551758	0.0000000	0.0778809
398	0.0563965	0.0581055	0.0576172	0.0573731	0.0568848	0.0556641	0.0000000	0.0781250
399	0.0561523	0.0576172	0.0573731	0.0573731	0.0566406	0.0556641	0.0000000	0.0781250
400	0.0556641	0.0573731	0.0578613	0.0573731	0.0566406	0.0556641	0.0000000	0.0773926
401	0.0559082	0.0573731	0.0573731	0.0571289	0.0566406	0.0554199	0.0000000	0.0764160
402	0.0551758	0.0573731	0.0573731	0.0563965	0.0566406	0.0559082	0.0000000	0.0788574
403	0.0544434	0.0573731	0.0576172	0.0571289	0.0568848	0.0556641	0.0000000	0.0778809
404	0.0541992	0.0573731	0.0566406	0.0566406	0.0566406	0.0556641	0.0000000	0.0778809
405	0.0529785	0.0576172	0.0573731	0.0566406	0.0566406	0.0556641	0.0000000	0.0771484
406	0.0524902	0.0576172	0.0576172	0.0563965	0.0563965	0.0556641	0.0000000	0.0773926
407	0.0524902	0.0593262	0.0568848	0.0561523	0.0561523	0.0556641	0.0000000	0.0773926
408	0.0510254	0.0578613	0.0573731	0.0559082	0.0563965	0.0554199	0.0000000	0.0769043
409	0.0505371	0.0578613	0.0573731	0.0556641	0.0566406	0.0559082	0.0000000	0.0773926
410	0.0507813	0.0583496	0.0566406	0.0556641	0.0563965	0.0556641	0.0000000	0.0773926
411	0.0498047	0.0581055	0.0566406	0.0554199	0.0563965	0.0556641	0.0000000	0.0769043
412	0.0500488	0.0583496	0.0571289	0.0551758	0.0566406	0.0554199	0.0000000	0.0773926
413	0.0498047	0.0583496	0.0559082	0.0551758	0.0566406	0.0524902	0.0000000	0.0766602
414	0.0500488	0.0581055	0.0571289	0.0544434	0.0561523	0.0554199	0.0000000	0.0769043
415	0.0502930	0.0583496	0.0568848	0.0551758	0.0566406	0.0551758	0.0000000	0.0776367
416	0.0507813	0.0581055	0.0559082	0.0546875	0.0546875	0.0549316	0.0000000	0.0771484
417	0.0505371	0.0573731	0.0563965	0.0546875	0.0566406	0.0549316	0.0000000	0.0769043
418	0.0512695	0.0573731	0.0561523	0.0546875	0.0566406	0.0549316	0.0000000	0.0769043
419	0.0510254	0.0576172	0.0556641	0.0546875	0.0568848	0.0549316	0.0000000	0.0769043
420	0.0510254	0.0566406	0.0563965	0.0549316	0.0566406	0.0554199	0.0000000	0.0764160
421	0.0517578	0.0563965	0.0556641	0.0554199	0.0568848	0.0549316	0.0000000	0.0761719
422	0.0524902	0.0559082	0.0546875	0.0551758	0.0566406	0.0549316	0.0000000	0.0761719
423	0.0524902	0.0556641	0.0554199	0.0554199	0.0568848	0.0549316	0.0000000	0.0773926
424	0.0529785	0.0556641	0.0541992	0.0549316	0.0568848	0.0544434	0.0000000	0.0771484
425	0.0537109	0.0549316	0.0539551	0.0556641	0.0568848	0.0559082	0.0000000	0.0769043
426	0.0534668	0.0546875	0.0541992	0.0551758	0.0568848	0.0549316	0.0000000	0.0766602
427	0.0544434	0.0559082	0.0534668	0.0561523	0.0568848	0.0544434	0.0000000	0.0756836
428	0.0532227	0.0544434	0.0529785	0.0554199	0.0573731	0.0546875	0.0000000	0.0769043
429	0.0544434	0.0549316	0.0537109	0.0554199	0.0566406	0.0549316	0.0000000	0.0771484
430	0.0549316	0.0549316	0.0529785	0.0559082	0.0563965	0.0546875	0.0000000	0.0771484
431	0.0549316	0.0546875	0.0532227	0.0546875	0.0566406	0.0541992	0.0000000	0.0771484
432	0.0549316	0.0549316	0.0539551	0.0559082	0.0566406	0.0549316	0.0000000	0.0778809
433	0.0554199	0.0549316	0.0541992	0.0561523	0.0571289	0.0544434	0.0000000	0.0783691
434	0.0549316	0.0549316	0.0537109	0.0561523	0.0566406	0.0549316	0.0000000	0.0761719
435	0.0549316	0.0554199	0.0544434	0.0561523	0.0566406	0.0546875	0.0000000	0.0778809
436	0.0549316	0.0554199	0.0541992	0.0563965	0.0571289	0.0541992	0.0000000	0.0769043
437	0.0549316	0.0554199	0.0556641	0.0563965	0.0568848	0.0546875	0.0000000	0.0778809
438	0.0549316	0.0559082	0.0556641	0.0566406	0.0568848	0.0546875	0.0000000	0.0786133
439	0.0549316	0.0559082	0.0556641	0.0566406	0.0566406	0.0546875	0.0000000	0.0781250
440	0.0541992	0.0561523	0.0566406	0.0568848	0.0566406	0.0541992	0.0000000	0.0786133
441	0.0546875	0.0566406	0.0563965	0.0568848	0.0571289	0.0549316	0.0000000	0.0786133
442	0.0541992	0.0571289	0.0563965	0.0568848	0.0568848	0.0546875	0.0000000	0.0786133
443	0.0539551	0.0566406	0.0566406	0.0571289	0.0571289	0.0546875	0.0000000	0.0788574
444	0.0539551	0.0571289	0.0568848	0.0568848	0.0568848	0.0549316	0.0000000	0.0800781
445	0.0539551	0.0571289	0.0568848	0.0571289	0.0571289	0.0541992	0.0000000	0.0786133
446	0.0534668	0.0568848	0.0578613	0.0568848	0.0571289	0.0551758	0.0000000	0.0788574
447	0.0534668	0.0571289	0.0578613	0.0561523	0.0583496	0.0544434	0.0000000	0.0791016
448	0.0534668	0.0568848	0.0576172	0.0568848	0.0573731	0.0546875	0.0000000	0.0783691
449	0.0534668	0.0571289	0.0583496	0.0566406	0.0571289	0.0549316	0.0000000	0.0788574
450	0.0537109	0.0578613	0.0578613	0.0563965	0.0566406	0.0549316	0.0000000	0.0786133
451	0.0539551	0.0568848	0.0571289	0.0563965	0.0571289	0.0546875	0.0000000	0.0776367
452	0.0537109	0.0573731	0.0583496	0.0556641	0.0576172	0.0546875	0.0000000	0.0781250
453	0.0541992	0.0573731	0.0578613	0.0556641	0.0571289	0.0559082	0.0000000	0.0783691
454	0.0539551	0.0568848	0.0581055	0.0549316	0.0573731	0.0561523	0.0000000	0.0771484
455	0.0539551	0.0573731	0.0588379	0.0546875	0.0571289	0.0551758	0.0000000	0.0776367
456	0.0549316	0.0573731	0.0581055	0.0544434	0.0573731	0.0549316	0.0000000	0.0773926
457	0.0546875	0.0571289	0.0581055	0.0541992	0.0573731	0.0549316	0.0000000	0.0764160
458	0.0556641	0.0576172	0.0585938	0.0544434	0.0573731	0.0556641	0.0000000	0.0769043
459	0.0563965	0.0576172	0.0583496	0.0544434	0.0573731	0.0559082	0.0000000	0.0764160
460	0.0561523	0.0573731	0.0590820	0.0544434	0.0566406	0.0556641	0.0000000	0.0759277
461	0.0561523	0.0576172	0.0583496	0.0549316	0.0573731	0.0559082	0.0000000	0.0764160
462	0.0566406	0.0576172	0.0581055	0.0541992	0.0576172	0.0556641	0.0000000	0.0759277
463	0.0563965	0.0576172	0.0590820	0.0539551	0.0573731	0.0561523	0.0000000	0.0759277
464	0.0571289	0.0578613	0.0588379	0.0546875	0.0573731	0.0561523	0.0000000	0.0759277
465	0.0566406	0.0583496	0.0581055	0.0549316	0.0573731	0.0561523	0.0000000	0.0751953
466	0.0573731	0.0576172	0.0588379	0.0544434	0.0576172	0.0566406	0.0000000	0.0751953
467	0.0578613	0.0585938	0.0583496	0.0549316	0.0573731	0.0568848	0.0000000	0.0747070
468	0.0578613	0.0581055	0.0581055	0.0539551	0.0576172	0.0563965	0.0000000	0.0747070
469	0.0578613	0.0581055	0.0590820	0.0546875	0.0566406	0.0571289	0.0000000	0.0747070
470	0.0581055	0.0583496	0.0583496	0.0551758	0.0578613	0.0571289	0.0000000	0.0727539
471	0.0581055	0.0583496	0.0578613	0.0544434	0.0576172	0.0568848	0.0000000	0.0742188
472	0.0581055	0.0583496	0.0588379	0.0551758	0.0573731	0.0568848	0.0000000	0.0744629
473	0.0583496	0.0593262	0.0581055	0.0554199	0.0573731	0.0566406	0.0000000	0.0747070
474	0.0583496	0.0581055	0.0578613	0.0549316	0.0559082	0.0561523	0.0000000	0.0739746
475	0.0578613	0.0583496	0.0583496	0.0554199	0.0573731	0.0568848	0.0000000	0.0742188
476	0.0585938	0.0583496	0.0573731	0.0549316	0.0576172	0.0561523	0.0000000	0.0744629
477	0.0585938	0.0581055	0.0578613	0.0541992	0.0573731	0.0559082	0.0000000	0.0727539
478	0.0585938	0.0581055	0.0581055	0.0556641	0.0573731	0.0559082	0.0000000	0.0739746
479	0.0588379	0.0578613	0.0573731	0.0559082	0.0573731	0.0554199	0.0000000	0.0739746
480	0.0585938	0.0583496	0.0581055	0.0563965	0.0576172	0.0556641	0.0000000	0.0732422
481	0.0585938	0.0588379	0.0581055	0.0563965	0.0578613	0.0556641	0.0000000	0.0744629
482	0.0590820	0.0578613	0.0568848	0.0566406	0.0576172	0.0549316	0.0000000	0.0739746
483	0.0588379	0.0578613	0.0578613	0.0568848	0.0573731	0.0549316	0.0000000	0.0729981
484	0.0585938	0.0581055	0.0581055	0.0571289	0.0576172	0.0554199	0.0000000	0.0734863
485	0.0585938	0.0581055	0.0573731	0.0568848	0.0573731	0.0554199	0.0000000	0.0729981
486	0.0583496	0.0578613	0.0578613	0.0571289	0.0573731	0.0554199	0.0000000	0.0737305
487	0.0588379	0.0581055	0.0581055	0.0571289	0.0573731	0.0556641	0.0000000	0.0739746
488	0.0585938	0.0578613	0.0576172	0.0568848	0.0573731	0.0559082	0.0000000	0.0737305
489	0.0583496	0.0576172	0.0585938	0.0566406	0.0573731	0.0561523	0.0000000	0.0732422
490	0.0583496	0.0576172	0.0581055	0.0568848	0.0573731	0.0559082	0.0000000	0.0742188
491	0.0585938	0.0578613	0.0578613	0.0563965	0.0576172	0.0559082	0.0000000	0.0734863
492	0.0581055	0.0573731	0.0583496	0.0563965	0.0576172	0.0561523	0.0000000	0.0742188
493	0.0585938	0.0576172	0.0581055	0.0561523	0.0583496	0.0561523	0.0000000	0.0742188
494	0.0583496	0.0571289	0.0571289	0.0556641	0.0571289	0.0559082	0.0000000	0.0742188
495	0.0578613	0.0571289	0.0583496	0.0559082	0.0576172	0.0561523	0.0000000	0.0739746
496	0.0583496	0.0568848	0.0571289	0.0561523	0.0576172	0.0559082	0.0000000	0.0739746
497	0.0583496	0.0568848	0.0568848	0.0549316	0.0578613	0.0559082	0.0000000	0.0720215
498	0.0581055	0.0568848	0.0568848	0.0563965	0.0576172	0.0561523	0.0000000	0.0742188
499	0.0578613	0.0571289	0.0559082	0.0556641	0.0581055	0.0561523	0.0000000	0.0744629
500	0.0581055	0.0566406	0.0566406	0.0556641	0.0573731	0.0559082	0.0000000	0.0729981
501	0.0581055	0.0571289	0.0563965	0.0559082	0.0576172	0.0563965	0.0000000	0.0747070
502	0.0581055	0.0578613	0.0559082	0.0556641	0.0573731	0.0563965	0.0000000	0.0749512
503	0.0581055	0.0568848	0.0561523	0.0554199	0.0566406	0.0563965	0.0000000	0.0739746
504	0.0588379	0.0571289	0.0566406	0.0561523	0.0568848	0.0566406	0.0000000	0.0747070
505	0.0588379	0.0573731	0.0556641	0.0559082	0.0566406	0.0563965	0.0000000	0.0739746
506	0.0578613	0.0566406	0.0561523	0.0559082	0.0561523	0.0568848	0.0000000	0.0742188
507	0.0583496	0.0571289	0.0559082	0.0559082	0.0566406	0.0561523	0.0000000	0.0749512
508	0.0585938	0.0566406	0.0556641	0.0561523	0.0551758	0.0561523	0.0000000	0.0749512
509	0.0578613	0.0568848	0.0561523	0.0556641	0.0559082	0.0566406	0.0000000	0.0742188
510	0.0583496	0.0573731	0.0561523	0.0561523	0.0554199	0.0563965	0.0000000	0.0751953
511	0.0583496	0.0571289	0.0561523	0.0556641	0.0556641	0.0561523	0.0000000	0.0751953
