0	0.0568848	0.0537109	0.0598145	0.0517578	0.0561523	0.0549316	0.0000000	0.0773926
1	0.0571289	0.0539551	0.0593262	0.0517578	0.0563965	0.0546875	0.0000000	0.0773926
2	0.0573731	0.0537109	0.0595703	0.0517578	0.0566406	0.0551758	0.0000000	0.0778809
3	0.0573731	0.0541992	0.0595703	0.0522461	0.0566406	0.0551758	0.0000000	0.0761719
4	0.0581055	0.0544434	0.0590820	0.0522461	0.0554199	0.0549316	0.0000000	0.0776367
5	0.0573731	0.0546875	0.0603027	0.0522461	0.0561523	0.0551758	0.0000000	0.0778809
6	0.0581055	0.0546875	0.0598145	0.0524902	0.0561523	0.0546875	0.0000000	0.0783691
7	0.0581055	0.0549316	0.0593262	0.0520020	0.0561523	0.0546875	0.0000000	0.0781250
8	0.0578613	0.0549316	0.0603027	0.0524902	0.0559082	0.0544434	0.0000000	0.0786133
9	0.0585938	0.0561523	0.0598145	0.0529785	0.0561523	0.0544434	0.0000000	0.0803223
10	0.0585938	0.0549316	0.0595703	0.0527344	0.0561523	0.0546875	0.0000000	0.0776367
11	0.0588379	0.0551758	0.0600586	0.0529785	0.0561523	0.0546875	0.0000000	0.0778809
12	0.0593262	0.0556641	0.0595703	0.0532227	0.0563965	0.0541992	0.0000000	0.0778809
13	0.0593262	0.0549316	0.0598145	0.0529785	0.0561523	0.0546875	0.0000000	0.0776367
14	0.0588379	0.0551758	0.0603027	0.0534668	0.0566406	0.0544434	0.0000000	0.0778809
15	0.0593262	0.0554199	0.0593262	0.0532227	0.0563965	0.0544434	0.0000000	0.0759277
16	0.0588379	0.0551758	0.0600586	0.0534668	0.0568848	0.0544434	0.0000000	0.0754395
17	0.0593262	0.0556641	0.0600586	0.0541992	0.0566406	0.0549316	0.0000000	0.0766602
18	0.0598145	0.0556641	0.0593262	0.0539551	0.0566406	0.0544434	0.0000000	0.0759277
19	0.0590820	0.0554199	0.0595703	0.0541992	0.0573731	0.0549316	0.0000000	0.0749512
20	0.0595703	0.0556641	0.0598145	0.0541992	0.0571289	0.0549316	0.0000000	0.0756836
21	0.0598145	0.0559082	0.0588379	0.0544434	0.0568848	0.0554199	0.0000000	0.0761719
22	0.0593262	0.0559082	0.0600586	0.0546875	0.0573731	0.0556641	0.0000000	0.0744629
23	0.0600586	0.0563965	0.0600586	0.0546875	0.0573731	0.0554199	0.0000000	0.0734863
24	0.0598145	0.0563965	0.0593262	0.0546875	0.0571289	0.0556641	0.0000000	0.0749512
25	0.0598145	0.0566406	0.0605469	0.0546875	0.0571289	0.0563965	0.0000000	0.0725098
26	0.0600586	0.0571289	0.0595703	0.0549316	0.0571289	0.0554199	0.0000000	0.0725098
27	0.0603027	0.0571289	0.0593262	0.0549316	0.0568848	0.0551758	0.0000000	0.0715332
28	0.0600586	0.0571289	0.0600586	0.0554199	0.0566406	0.0554199	0.0000000	0.0710449
29	0.0605469	0.0578613	0.0595703	0.0554199	0.0573731	0.0549316	0.0000000	0.0705566
30	0.0598145	0.0576172	0.0593262	0.0559082	0.0566406	0.0554199	0.0000000	0.0700684
31	0.0598145	0.0578613	0.0600586	0.0556641	0.0568848	0.0556641	0.0000000	0.0690918
32	0.0605469	0.0583496	0.0603027	0.0561523	0.0563965	0.0554199	0.0000000	0.0695801
33	0.0600586	0.0576172	0.0598145	0.0556641	0.0568848	0.0551758	0.0000000	0.0686035
34	0.0598145	0.0581055	0.0598145	0.0559082	0.0563965	0.0556641	0.0000000	0.0688477
35	0.0603027	0.0583496	0.0590820	0.0561523	0.0551758	0.0551758	0.0000000	0.0688477
36	0.0598145	0.0583496	0.0598145	0.0561523	0.0566406	0.0559082	0.0000000	0.0676270
37	0.0598145	0.0581055	0.0598145	0.0563965	0.0561523	0.0559082	0.0000000	0.0686035
38	0.0598145	0.0583496	0.0588379	0.0566406	0.0561523	0.0556641	0.0000000	0.0678711
39	0.0598145	0.0581055	0.0593262	0.0561523	0.0559082	0.0559082	0.0000000	0.0668945
40	0.0598145	0.0581055	0.0595703	0.0566406	0.0561523	0.0563965	0.0000000	0.0676270
41	0.0598145	0.0583496	0.0588379	0.0563965	0.0561523	0.0563965	0.0000000	0.0671387
42	0.0598145	0.0578613	0.0588379	0.0563965	0.0563965	0.0561523	0.0000000	0.0676270
43	0.0600586	0.0581055	0.0590820	0.0568848	0.0563965	0.0561523	0.0000000	0.0671387
44	0.0603027	0.0581055	0.0581055	0.0566406	0.0563965	0.0568848	0.0000000	0.0671387
45	0.0598145	0.0578613	0.0588379	0.0568848	0.0563965	0.0559082	0.0000000	0.0666504
46	0.0598145	0.0581055	0.0583496	0.0566406	0.0568848	0.0563965	0.0000000	0.0671387
47	0.0600586	0.0583496	0.0581055	0.0568848	0.0563965	0.0556641	0.0000000	0.0668945
48	0.0598145	0.0581055	0.0585938	0.0568848	0.0563965	0.0559082	0.0000000	0.0668945
49	0.0600586	0.0585938	0.0581055	0.0571289	0.0566406	0.0559082	0.0000000	0.0671387
50	0.0600586	0.0588379	0.0576172	0.0566406	0.0566406	0.0554199	0.0000000	0.0671387
51	0.0603027	0.0583496	0.0583496	0.0566406	0.0573731	0.0559082	0.0000000	0.0668945
52	0.0600586	0.0585938	0.0578613	0.0571289	0.0571289	0.0559082	0.0000000	0.0673828
53	0.0600586	0.0588379	0.0578613	0.0568848	0.0571289	0.0556641	0.0000000	0.0668945
54	0.0595703	0.0583496	0.0588379	0.0568848	0.0573731	0.0556641	0.0000000	0.0676270
55	0.0605469	0.0588379	0.0581055	0.0563965	0.0561523	0.0549316	0.0000000	0.0673828
56	0.0603027	0.0581055	0.0578613	0.0568848	0.0571289	0.0556641	0.0000000	0.0668945
57	0.0600586	0.0583496	0.0585938	0.0568848	0.0568848	0.0556641	0.0000000	0.0666504
58	0.0603027	0.0581055	0.0578613	0.0583496	0.0566406	0.0554199	0.0000000	0.0659180
59	0.0600586	0.0581055	0.0576172	0.0568848	0.0566406	0.0554199	0.0000000	0.0676270
60	0.0598145	0.0576172	0.0576172	0.0563965	0.0561523	0.0561523	0.0000000	0.0664063
61	0.0600586	0.0576172	0.0571289	0.0566406	0.0556641	0.0556641	0.0000000	0.0661621
62	0.0600586	0.0568848	0.0568848	0.0568848	0.0559082	0.0559082	0.0000000	0.0671387
63	0.0600586	0.0568848	0.0571289	0.0566406	0.0556641	0.0559082	0.0000000	0.0664063
64	0.0603027	0.0566406	0.0563965	0.0573731	0.0554199	0.0534668	0.0000000	0.0659180
65	0.0600586	0.0566406	0.0563965	0.0568848	0.0554199	0.0559082	0.0000000	0.0659180
66	0.0600586	0.0566406	0.0571289	0.0571289	0.0556641	0.0561523	0.0000000	0.0671387
67	0.0603027	0.0568848	0.0561523	0.0568848	0.0549316	0.0559082	0.0000000	0.0664063
68	0.0595703	0.0566406	0.0563965	0.0568848	0.0549316	0.0556641	0.0000000	0.0666504
69	0.0600586	0.0566406	0.0568848	0.0573731	0.0549316	0.0561523	0.0000000	0.0676270
70	0.0605469	0.0566406	0.0561523	0.0571289	0.0544434	0.0559082	0.0000000	0.0678711
71	0.0600586	0.0566406	0.0566406	0.0571289	0.0544434	0.0563965	0.0000000	0.0681152
72	0.0600586	0.0571289	0.0568848	0.0571289	0.0546875	0.0563965	0.0000000	0.0693359
73	0.0603027	0.0571289	0.0568848	0.0571289	0.0539551	0.0561523	0.0000000	0.0708008
74	0.0600586	0.0568848	0.0571289	0.0568848	0.0539551	0.0566406	0.0000000	0.0700684
75	0.0607910	0.0573731	0.0568848	0.0571289	0.0539551	0.0561523	0.0000000	0.0715332
76	0.0603027	0.0573731	0.0566406	0.0568848	0.0541992	0.0561523	0.0000000	0.0712891
77	0.0603027	0.0573731	0.0576172	0.0571289	0.0537109	0.0566406	0.0000000	0.0720215
78	0.0605469	0.0578613	0.0573731	0.0573731	0.0537109	0.0556641	0.0000000	0.0695801
79	0.0600586	0.0578613	0.0573731	0.0571289	0.0534668	0.0559082	0.0000000	0.0717774
80	0.0603027	0.0578613	0.0581055	0.0571289	0.0534668	0.0561523	0.0000000	0.0717774
81	0.0605469	0.0581055	0.0583496	0.0568848	0.0537109	0.0559082	0.0000000	0.0720215
82	0.0600586	0.0581055	0.0576172	0.0566406	0.0532227	0.0559082	0.0000000	0.0693359
83	0.0600586	0.0581055	0.0583496	0.0571289	0.0532227	0.0559082	0.0000000	0.0710449
84	0.0603027	0.0585938	0.0581055	0.0576172	0.0532227	0.0561523	0.0000000	0.0705566
85	0.0603027	0.0581055	0.0581055	0.0571289	0.0532227	0.0561523	0.0000000	0.0693359
86	0.0600586	0.0588379	0.0588379	0.0573731	0.0529785	0.0559082	0.0000000	0.0693359
87	0.0607910	0.0588379	0.0581055	0.0581055	0.0532227	0.0559082	0.0000000	0.0683594
88	0.0603027	0.0585938	0.0588379	0.0566406	0.0534668	0.0566406	0.0000000	0.0676270
89	0.0600586	0.0588379	0.0588379	0.0573731	0.0532227	0.0561523	0.0000000	0.0678711
90	0.0603027	0.0593262	0.0583496	0.0571289	0.0532227	0.0554199	0.0000000	0.0668945
91	0.0600586	0.0588379	0.0583496	0.0571289	0.0532227	0.0561523	0.0000000	0.0659180
92	0.0600586	0.0590820	0.0585938	0.0573731	0.0534668	0.0559082	0.0000000	0.0661621
93	0.0600586	0.0593262	0.0581055	0.0573731	0.0532227	0.0549316	0.0000000	0.0651856
94	0.0603027	0.0590820	0.0585938	0.0573731	0.0534668	0.0559082	0.0000000	0.0649414
95	0.0603027	0.0590820	0.0581055	0.0576172	0.0539551	0.0554199	0.0000000	0.0649414
96	0.0607910	0.0593262	0.0583496	0.0571289	0.0534668	0.0556641	0.0000000	0.0642090
97	0.0600586	0.0583496	0.0585938	0.0573731	0.0537109	0.0561523	0.0000000	0.0637207
98	0.0603027	0.0588379	0.0585938	0.0576172	0.0534668	0.0556641	0.0000000	0.0637207
99	0.0603027	0.0583496	0.0583496	0.0573731	0.0534668	0.0556641	0.0000000	0.0634766
100	0.0598145	0.0581055	0.0590820	0.0573731	0.0537109	0.0554199	0.0000000	0.0627441
101	0.0603027	0.0585938	0.0583496	0.0573731	0.0537109	0.0559082	0.0000000	0.0659180
102	0.0603027	0.0581055	0.0581055	0.0571289	0.0539551	0.0551758	0.0000000	0.0622559
103	0.0600586	0.0578613	0.0593262	0.0578613	0.0532227	0.0556641	0.0000000	0.0622559
104	0.0603027	0.0581055	0.0583496	0.0566406	0.0539551	0.0556641	0.0000000	0.0625000
105	0.0603027	0.0578613	0.0590820	0.0571289	0.0541992	0.0561523	0.0000000	0.0610352
106	0.0600586	0.0578613	0.0593262	0.0573731	0.0537109	0.0561523	0.0000000	0.0620117
107	0.0605469	0.0581055	0.0588379	0.0576172	0.0544434	0.0559082	0.0000000	0.0615234
108	0.0600586	0.0576172	0.0585938	0.0576172	0.0546875	0.0554199	0.0000000	0.0612793
109	0.0600586	0.0576172	0.0593262	0.0573731	0.0541992	0.0563965	0.0000000	0.0620117
110	0.0605469	0.0581055	0.0588379	0.0583496	0.0541992	0.0554199	0.0000000	0.0617676
111	0.0605469	0.0576172	0.0590820	0.0571289	0.0544434	0.0556641	0.0000000	0.0607910
112	0.0598145	0.0576172	0.0593262	0.0573731	0.0541992	0.0559082	0.0000000	0.0610352
113	0.0605469	0.0576172	0.0585938	0.0573731	0.0541992	0.0556641	0.0000000	0.0593262
114	0.0600586	0.0578613	0.0595703	0.0568848	0.0546875	0.0563965	0.0000000	0.0612793
115	0.0605469	0.0581055	0.0593262	0.0571289	0.0544434	0.0563965	0.0000000	0.0610352
116	0.0605469	0.0588379	0.0588379	0.0571289	0.0546875	0.0559082	0.0000000	0.0610352
117	0.0603027	0.0581055	0.0593262	0.0573731	0.0541992	0.0561523	0.0000000	0.0610352
118	0.0603027	0.0581055	0.0593262	0.0571289	0.0549316	0.0561523	0.0000000	0.0610352
119	0.0605469	0.0576172	0.0590820	0.0573731	0.0549316	0.0559082	0.0000000	0.0610352
120	0.0603027	0.0581055	0.0598145	0.0571289	0.0549316	0.0561523	0.0000000	0.0605469
121	0.0605469	0.0583496	0.0593262	0.0578613	0.0546875	0.0561523	0.0000000	0.0612793
122	0.0605469	0.0583496	0.0590820	0.0568848	0.0549316	0.0559082	0.0000000	0.0607910
123	0.0603027	0.0583496	0.0595703	0.0573731	0.0549316	0.0566406	0.0000000	0.0607910
124	0.0605469	0.0583496	0.0590820	0.0571289	0.0551758	0.0563965	0.0000000	0.0625000
125	0.0605469	0.0585938	0.0588379	0.0571289	0.0571289	0.0561523	0.0000000	0.0605469
126	0.0605469	0.0585938	0.0593262	0.0573731	0.0554199	0.0563965	0.0000000	0.0610352
127	0.0607910	0.0585938	0.0583496	0.0568848	0.0549316	0.0563965	0.0000000	0.0610352
128	0.0607910	0.0585938	0.0583496	0.0573731	0.0554199	0.0561523	0.0000000	0.0605469
129	0.0600586	0.0585938	0.0588379	0.0573731	0.0554199	0.0566406	0.0000000	0.0605469
130	0.0605469	0.0593262	0.0578613	0.0573731	0.0554199	0.0563965	0.0000000	0.0610352
131	0.0607910	0.0583496	0.0581055	0.0568848	0.0554199	0.0563965	0.0000000	0.0607910
132	0.0605469	0.0585938	0.0581055	0.0573731	0.0554199	0.0566406	0.0000000	0.0612793
133	0.0605469	0.0585938	0.0576172	0.0576172	0.0559082	0.0563965	0.0000000	0.0612793
134	0.0605469	0.0583496	0.0576172	0.0576172	0.0556641	0.0568848	0.0000000	0.0605469
135	0.0605469	0.0588379	0.0583496	0.0578613	0.0554199	0.0566406	0.0000000	0.0615234
136	0.0607910	0.0588379	0.0571289	0.0571289	0.0556641	0.0561523	0.0000000	0.0612793
137	0.0603027	0.0583496	0.0573731	0.0573731	0.0559082	0.0563965	0.0000000	0.0612793
138	0.0605469	0.0585938	0.0583496	0.0576172	0.0559082	0.0563965	0.0000000	0.0615234
139	0.0605469	0.0583496	0.0566406	0.0573731	0.0559082	0.0568848	0.0000000	0.0615234
140	0.0603027	0.0583496	0.0576172	0.0571289	0.0561523	0.0563965	0.0000000	0.0610352
141	0.0603027	0.0585938	0.0576172	0.0576172	0.0559082	0.0561523	0.0000000	0.0620117
142	0.0605469	0.0585938	0.0571289	0.0571289	0.0571289	0.0561523	0.0000000	0.0615234
143	0.0600586	0.0583496	0.0578613	0.0573731	0.0561523	0.0566406	0.0000000	0.0615234
144	0.0605469	0.0585938	0.0576172	0.0578613	0.0561523	0.0563965	0.0000000	0.0615234
145	0.0603027	0.0588379	0.0573731	0.0576172	0.0559082	0.0566406	0.0000000	0.0610352
146	0.0600586	0.0585938	0.0578613	0.0573731	0.0559082	0.0566406	0.0000000	0.0612793
147	0.0605469	0.0588379	0.0573731	0.0578613	0.0559082	0.0568848	0.0000000	0.0632324
148	0.0600586	0.0583496	0.0571289	0.0573731	0.0559082	0.0561523	0.0000000	0.0615234
149	0.0603027	0.0588379	0.0583496	0.0576172	0.0566406	0.0566406	0.0000000	0.0620117
150	0.0603027	0.0593262	0.0581055	0.0576172	0.0554199	0.0576172	0.0000000	0.0625000
151	0.0603027	0.0590820	0.0573731	0.0573731	0.0561523	0.0561523	0.0000000	0.0622559
152	0.0598145	0.0590820	0.0583496	0.0571289	0.0563965	0.0566406	0.0000000	0.0625000
153	0.0605469	0.0598145	0.0571289	0.0576172	0.0563965	0.0566406	0.0000000	0.0627441
154	0.0603027	0.0590820	0.0578613	0.0576172	0.0563965	0.0563965	0.0000000	0.0625000
155	0.0598145	0.0590820	0.0583496	0.0576172	0.0563965	0.0566406	0.0000000	0.0634766
156	0.0600586	0.0593262	0.0578613	0.0571289	0.0563965	0.0568848	0.0000000	0.0639649
157	0.0595703	0.0583496	0.0583496	0.0576172	0.0566406	0.0563965	0.0000000	0.0629883
158	0.0598145	0.0583496	0.0583496	0.0573731	0.0561523	0.0566406	0.0000000	0.0632324
159	0.0603027	0.0581055	0.0576172	0.0576172	0.0559082	0.0563965	0.0000000	0.0629883
160	0.0600586	0.0578613	0.0576172	0.0571289	0.0568848	0.0561523	0.0000000	0.0622559
161	0.0598145	0.0568848	0.0581055	0.0576172	0.0566406	0.0563965	0.0000000	0.0637207
162	0.0600586	0.0566406	0.0576172	0.0585938	0.0566406	0.0563965	0.0000000	0.0637207
163	0.0595703	0.0556641	0.0581055	0.0573731	0.0571289	0.0563965	0.0000000	0.0632324
164	0.0598145	0.0551758	0.0578613	0.0576172	0.0568848	0.0563965	0.0000000	0.0646973
165	0.0600586	0.0546875	0.0576172	0.0573731	0.0568848	0.0563965	0.0000000	0.0639649
166	0.0595703	0.0534668	0.0583496	0.0576172	0.0566406	0.0559082	0.0000000	0.0646973
167	0.0595703	0.0532227	0.0581055	0.0576172	0.0568848	0.0563965	0.0000000	0.0651856
168	0.0593262	0.0532227	0.0573731	0.0573731	0.0568848	0.0561523	0.0000000	0.0644531
169	0.0590820	0.0529785	0.0581055	0.0573731	0.0568848	0.0563965	0.0000000	0.0651856
170	0.0598145	0.0534668	0.0578613	0.0576172	0.0568848	0.0563965	0.0000000	0.0671387
171	0.0595703	0.0534668	0.0578613	0.0573731	0.0568848	0.0559082	0.0000000	0.0661621
172	0.0593262	0.0529785	0.0583496	0.0573731	0.0571289	0.0563965	0.0000000	0.0673828
173	0.0595703	0.0527344	0.0588379	0.0583496	0.0566406	0.0561523	0.0000000	0.0676270
174	0.0590820	0.0522461	0.0585938	0.0576172	0.0568848	0.0563965	0.0000000	0.0676270
175	0.0590820	0.0520020	0.0585938	0.0581055	0.0573731	0.0563965	0.0000000	0.0683594
176	0.0590820	0.0522461	0.0578613	0.0573731	0.0571289	0.0554199	0.0000000	0.0725098
177	0.0590820	0.0522461	0.0581055	0.0576172	0.0568848	0.0561523	0.0000000	0.0686035
178	0.0585938	0.0527344	0.0590820	0.0573731	0.0568848	0.0566406	0.0000000	0.0703125
179	0.0585938	0.0532227	0.0581055	0.0573731	0.0573731	0.0561523	0.0000000	0.0700684
180	0.0583496	0.0534668	0.0585938	0.0578613	0.0568848	0.0554199	0.0000000	0.0703125
181	0.0581055	0.0539551	0.0590820	0.0576172	0.0568848	0.0559082	0.0000000	0.0715332
182	0.0585938	0.0544434	0.0581055	0.0578613	0.0563965	0.0554199	0.0000000	0.0720215
183	0.0578613	0.0551758	0.0583496	0.0573731	0.0566406	0.0556641	0.0000000	0.0717774
184	0.0578613	0.0551758	0.0593262	0.0576172	0.0571289	0.0559082	0.0000000	0.0710449
185	0.0583496	0.0554199	0.0578613	0.0576172	0.0571289	0.0551758	0.0000000	0.0727539
186	0.0573731	0.0556641	0.0590820	0.0576172	0.0571289	0.0561523	0.0000000	0.0727539
187	0.0573731	0.0554199	0.0585938	0.0576172	0.0568848	0.0556641	0.0000000	0.0725098
188	0.0576172	0.0549316	0.0583496	0.0576172	0.0571289	0.0556641	0.0000000	0.0725098
189	0.0571289	0.0551758	0.0593262	0.0573731	0.0568848	0.0556641	0.0000000	0.0720215
190	0.0571289	0.0551758	0.0585938	0.0576172	0.0571289	0.0554199	0.0000000	0.0722656
191	0.0573731	0.0551758	0.0583496	0.0578613	0.0568848	0.0559082	0.0000000	0.0715332
192	0.0568848	0.0549316	0.0588379	0.0571289	0.0576172	0.0561523	0.0000000	0.0710449
193	0.0571289	0.0546875	0.0585938	0.0578613	0.0568848	0.0549316	0.0000000	0.0695801
194	0.0568848	0.0544434	0.0585938	0.0573731	0.0568848	0.0551758	0.0000000	0.0700684
195	0.0566406	0.0541992	0.0595703	0.0573731	0.0568848	0.0559082	0.0000000	0.0695801
196	0.0568848	0.0541992	0.0590820	0.0568848	0.0581055	0.0556641	0.0000000	0.0700684
197	0.0563965	0.0549316	0.0590820	0.0576172	0.0568848	0.0559082	0.0000000	0.0688477
198	0.0559082	0.0534668	0.0593262	0.0573731	0.0566406	0.0556641	0.0000000	0.0688477
199	0.0568848	0.0537109	0.0588379	0.0576172	0.0571289	0.0554199	0.0000000	0.0686035
200	0.0561523	0.0532227	0.0588379	0.0573731	0.0571289	0.0556641	0.0000000	0.0676270
201	0.0568848	0.0537109	0.0588379	0.0576172	0.0566406	0.0559082	0.0000000	0.0671387
202	0.0559082	0.0537109	0.0588379	0.0573731	0.0571289	0.0556641	0.0000000	0.0671387
203	0.0568848	0.0529785	0.0590820	0.0576172	0.0571289	0.0546875	0.0000000	0.0664063
204	0.0563965	0.0532227	0.0593262	0.0576172	0.0568848	0.0559082	0.0000000	0.0671387
205	0.0566406	0.0537109	0.0585938	0.0573731	0.0571289	0.0556641	0.0000000	0.0661621
206	0.0561523	0.0534668	0.0588379	0.0573731	0.0568848	0.0556641	0.0000000	0.0656738
207	0.0563965	0.0539551	0.0593262	0.0573731	0.0571289	0.0561523	0.0000000	0.0659180
208	0.0568848	0.0539551	0.0585938	0.0568848	0.0571289	0.0563965	0.0000000	0.0654297
209	0.0563965	0.0539551	0.0588379	0.0571289	0.0573731	0.0559082	0.0000000	0.0651856
210	0.0566406	0.0546875	0.0595703	0.0576172	0.0571289	0.0556641	0.0000000	0.0654297
211	0.0568848	0.0546875	0.0590820	0.0571289	0.0566406	0.0556641	0.0000000	0.0649414
212	0.0563965	0.0549316	0.0595703	0.0573731	0.0568848	0.0561523	0.0000000	0.0649414
213	0.0568848	0.0554199	0.0590820	0.0571289	0.0573731	0.0559082	0.0000000	0.0651856
214	0.0568848	0.0556641	0.0593262	0.0571289	0.0573731	0.0559082	0.0000000	0.0639649
215	0.0563965	0.0556641	0.0598145	0.0571289	0.0566406	0.0561523	0.0000000	0.0642090
216	0.0568848	0.0563965	0.0600586	0.0576172	0.0568848	0.0541992	0.0000000	0.0649414
217	0.0573731	0.0566406	0.0590820	0.0578613	0.0573731	0.0556641	0.0000000	0.0644531
218	0.0568848	0.0566406	0.0598145	0.0571289	0.0573731	0.0556641	0.0000000	0.0639649
219	0.0576172	0.0571289	0.0598145	0.0571289	0.0573731	0.0556641	0.0000000	0.0646973
220	0.0571289	0.0571289	0.0595703	0.0571289	0.0573731	0.0556641	0.0000000	0.0639649
221	0.0571289	0.0571289	0.0595703	0.0571289	0.0573731	0.0556641	0.0000000	0.0644531
222	0.0578613	0.0573731	0.0590820	0.0568848	0.0576172	0.0559082	0.0000000	0.0642090
223	0.0571289	0.0573731	0.0593262	0.0566406	0.0573731	0.0561523	0.0000000	0.0642090
224	0.0573731	0.0573731	0.0598145	0.0563965	0.0578613	0.0561523	0.0000000	0.0644531
225	0.0576172	0.0576172	0.0593262	0.0566406	0.0581055	0.0559082	0.0000000	0.0646973
226	0.0573731	0.0573731	0.0595703	0.0559082	0.0576172	0.0556641	0.0000000	0.0637207
227	0.0573731	0.0576172	0.0600586	0.0559082	0.0578613	0.0561523	0.0000000	0.0651856
228	0.0578613	0.0578613	0.0585938	0.0556641	0.0573731	0.0556641	0.0000000	0.0642090
229	0.0571289	0.0573731	0.0598145	0.0551758	0.0581055	0.0559082	0.0000000	0.0644531
230	0.0576172	0.0576172	0.0590820	0.0556641	0.0573731	0.0556641	0.0000000	0.0656738
231	0.0581055	0.0576172	0.0585938	0.0556641	0.0576172	0.0551758	0.0000000	0.0649414
232	0.0573731	0.0573731	0.0593262	0.0556641	0.0576172	0.0561523	0.0000000	0.0656738
233	0.0576172	0.0573731	0.0588379	0.0551758	0.0576172	0.0556641	0.0000000	0.0659180
234	0.0581055	0.0573731	0.0578613	0.0554199	0.0576172	0.0556641	0.0000000	0.0664063
235	0.0576172	0.0571289	0.0578613	0.0554199	0.0578613	0.0561523	0.0000000	0.0659180
236	0.0573731	0.0573731	0.0571289	0.0554199	0.0573731	0.0559082	0.0000000	0.0666504
237	0.0578613	0.0573731	0.0563965	0.0551758	0.0573731	0.0556641	0.0000000	0.0654297
238	0.0576172	0.0571289	0.0566406	0.0551758	0.0576172	0.0561523	0.0000000	0.0664063
239	0.0581055	0.0571289	0.0563965	0.0554199	0.0571289	0.0554199	0.0000000	0.0664063
240	0.0576172	0.0568848	0.0556641	0.0551758	0.0573731	0.0559082	0.0000000	0.0654297
241	0.0585938	0.0571289	0.0566406	0.0551758	0.0578613	0.0561523	0.0000000	0.0666504
242	0.0578613	0.0573731	0.0559082	0.0556641	0.0576172	0.0563965	0.0000000	0.0664063
243	0.0581055	0.0573731	0.0566406	0.0554199	0.0576172	0.0561523	0.0000000	0.0659180
244	0.0573731	0.0568848	0.0566406	0.0551758	0.0578613	0.0563965	0.0000000	0.0664063
245	0.0578613	0.0573731	0.0561523	0.0566406	0.0576172	0.0559082	0.0000000	0.0664063
246	0.0573731	0.0573731	0.0561523	0.0551758	0.0581055	0.0561523	0.0000000	0.0656738
247	0.0576172	0.0571289	0.0559082	0.0556641	0.0576172	0.0561523	0.0000000	0.0659180
248	0.0581055	0.0576172	0.0539551	0.0554199	0.0576172	0.0559082	0.0000000	0.0649414
249	0.0578613	0.0573731	0.0554199	0.0549316	0.0573731	0.0563965	0.0000000	0.0654297
250	0.0576172	0.0573731	0.0556641	0.0556641	0.0573731	0.0563965	0.0000000	0.0656738
251	0.0581055	0.0576172	0.0546875	0.0561523	0.0576172	0.0551758	0.0000000	0.0649414
252	0.0571289	0.0573731	0.0556641	0.0549316	0.0571289	0.0566406	0.0000000	0.0642090
253	0.0573731	0.0571289	0.0551758	0.0559082	0.0576172	0.0563965	0.0000000	0.0644531
254	0.0573731	0.0573731	0.0546875	0.0561523	0.0578613	0.0561523	0.0000000	0.0639649
255	0.0568848	0.0571289	0.0559082	0.0556641	0.0578613	0.0566406	0.0000000	0.0637207
256	0.0571289	0.0576172	0.0556641	0.0556641	0.0576172	0.0563965	0.0000000	0.0637207
257	0.0573731	0.0578613	0.0554199	0.0559082	0.0573731	0.0563965	0.0000000	0.0632324
258	0.0568848	0.0576172	0.0563965	0.0559082	0.0581055	0.0568848	0.0000000	0.0629883
259	0.0568848	0.0578613	0.0559082	0.0554199	0.0578613	0.0568848	0.0000000	0.0632324
260	0.0568848	0.0576172	0.0556641	0.0561523	0.0576172	0.0568848	0.0000000	0.0622559
261	0.0571289	0.0573731	0.0566406	0.0559082	0.0581055	0.0566406	0.0000000	0.0622559
262	0.0573731	0.0583496	0.0566406	0.0549316	0.0573731	0.0568848	0.0000000	0.0642090
263	0.0576172	0.0576172	0.0566406	0.0556641	0.0578613	0.0576172	0.0000000	0.0617676
264	0.0571289	0.0576172	0.0573731	0.0559082	0.0581055	0.0563965	0.0000000	0.0617676
265	0.0576172	0.0578613	0.0568848	0.0559082	0.0585938	0.0568848	0.0000000	0.0612793
266	0.0576172	0.0573731	0.0571289	0.0561523	0.0578613	0.0568848	0.0000000	0.0598145
267	0.0576172	0.0576172	0.0576172	0.0559082	0.0576172	0.0573731	0.0000000	0.0612793
268	0.0583496	0.0578613	0.0571289	0.0559082	0.0578613	0.0559082	0.0000000	0.0607910
269	0.0576172	0.0571289	0.0578613	0.0561523	0.0585938	0.0563965	0.0000000	0.0590820
270	0.0578613	0.0573731	0.0578613	0.0561523	0.0578613	0.0566406	0.0000000	0.0610352
271	0.0583496	0.0573731	0.0566406	0.0556641	0.0581055	0.0559082	0.0000000	0.0605469
272	0.0578613	0.0571289	0.0581055	0.0551758	0.0578613	0.0561523	0.0000000	0.0605469
273	0.0581055	0.0573731	0.0583496	0.0559082	0.0578613	0.0559082	0.0000000	0.0607910
274	0.0590820	0.0578613	0.0581055	0.0556641	0.0578613	0.0561523	0.0000000	0.0600586
275	0.0578613	0.0571289	0.0578613	0.0556641	0.0578613	0.0559082	0.0000000	0.0600586
276	0.0578613	0.0573731	0.0581055	0.0556641	0.0578613	0.0556641	0.0000000	0.0605469
277	0.0583496	0.0571289	0.0576172	0.0556641	0.0578613	0.0544434	0.0000000	0.0600586
278	0.0583496	0.0566406	0.0585938	0.0554199	0.0581055	0.0554199	0.0000000	0.0598145
279	0.0576172	0.0573731	0.0583496	0.0559082	0.0578613	0.0554199	0.0000000	0.0598145
280	0.0581055	0.0573731	0.0578613	0.0556641	0.0581055	0.0544434	0.0000000	0.0598145
281	0.0581055	0.0573731	0.0588379	0.0556641	0.0581055	0.0554199	0.0000000	0.0590820
282	0.0585938	0.0573731	0.0583496	0.0554199	0.0578613	0.0551758	0.0000000	0.0622559
283	0.0583496	0.0578613	0.0578613	0.0556641	0.0578613	0.0534668	0.0000000	0.0593262
284	0.0581055	0.0571289	0.0593262	0.0556641	0.0583496	0.0554199	0.0000000	0.0595703
285	0.0583496	0.0576172	0.0585938	0.0561523	0.0576172	0.0568848	0.0000000	0.0600586
286	0.0583496	0.0573731	0.0583496	0.0556641	0.0578613	0.0549316	0.0000000	0.0598145
287	0.0583496	0.0573731	0.0588379	0.0551758	0.0583496	0.0549316	0.0000000	0.0595703
288	0.0585938	0.0576172	0.0583496	0.0554199	0.0585938	0.0549316	0.0000000	0.0603027
289	0.0583496	0.0573731	0.0583496	0.0551758	0.0581055	0.0554199	0.0000000	0.0637207
290	0.0583496	0.0573731	0.0588379	0.0554199	0.0581055	0.0551758	0.0000000	0.0600586
291	0.0585938	0.0576172	0.0576172	0.0551758	0.0603027	0.0549316	0.0000000	0.0605469
292	0.0583496	0.0576172	0.0581055	0.0551758	0.0581055	0.0551758	0.0000000	0.0593262
293	0.0583496	0.0576172	0.0578613	0.0551758	0.0581055	0.0556641	0.0000000	0.0600586
294	0.0588379	0.0581055	0.0566406	0.0551758	0.0581055	0.0561523	0.0000000	0.0598145
295	0.0585938	0.0578613	0.0571289	0.0554199	0.0576172	0.0546875	0.0000000	0.0598145
296	0.0585938	0.0581055	0.0568848	0.0556641	0.0583496	0.0554199	0.0000000	0.0603027
297	0.0585938	0.0583496	0.0554199	0.0559082	0.0578613	0.0551758	0.0000000	0.0603027
298	0.0581055	0.0578613	0.0561523	0.0561523	0.0581055	0.0561523	0.0000000	0.0607910
299	0.0588379	0.0585938	0.0561523	0.0563965	0.0583496	0.0554199	0.0000000	0.0605469
300	0.0583496	0.0581055	0.0556641	0.0563965	0.0581055	0.0551758	0.0000000	0.0600586
301	0.0583496	0.0581055	0.0559082	0.0563965	0.0583496	0.0563965	0.0000000	0.0603027
302	0.0588379	0.0581055	0.0556641	0.0566406	0.0583496	0.0559082	0.0000000	0.0605469
303	0.0585938	0.0573731	0.0551758	0.0566406	0.0581055	0.0561523	0.0000000	0.0607910
304	0.0583496	0.0581055	0.0561523	0.0566406	0.0578613	0.0563965	0.0000000	0.0607910
305	0.0585938	0.0581055	0.0554199	0.0571289	0.0578613	0.0559082	0.0000000	0.0625000
306	0.0585938	0.0581055	0.0554199	0.0563965	0.0581055	0.0561523	0.0000000	0.0610352
307	0.0583496	0.0581055	0.0568848	0.0571289	0.0578613	0.0568848	0.0000000	0.0612793
308	0.0585938	0.0585938	0.0556641	0.0576172	0.0581055	0.0554199	0.0000000	0.0627441
309	0.0585938	0.0583496	0.0556641	0.0573731	0.0590820	0.0559082	0.0000000	0.0620117
310	0.0585938	0.0583496	0.0566406	0.0571289	0.0578613	0.0566406	0.0000000	0.0627441
311	0.0593262	0.0585938	0.0561523	0.0573731	0.0578613	0.0559082	0.0000000	0.0632324
312	0.0585938	0.0583496	0.0563965	0.0571289	0.0576172	0.0568848	0.0000000	0.0634766
313	0.0585938	0.0581055	0.0566406	0.0576172	0.0578613	0.0561523	0.0000000	0.0637207
314	0.0588379	0.0583496	0.0561523	0.0576172	0.0578613	0.0556641	0.0000000	0.0646973
315	0.0578613	0.0581055	0.0559082	0.0581055	0.0576172	0.0559082	0.0000000	0.0656738
316	0.0583496	0.0581055	0.0571289	0.0576172	0.0578613	0.0561523	0.0000000	0.0661621
317	0.0590820	0.0593262	0.0568848	0.0576172	0.0578613	0.0556641	0.0000000	0.0666504
318	0.0583496	0.0581055	0.0573731	0.0568848	0.0576172	0.0559082	0.0000000	0.0678711
319	0.0585938	0.0581055	0.0576172	0.0571289	0.0578613	0.0556641	0.0000000	0.0678711
320	0.0593262	0.0585938	0.0568848	0.0573731	0.0568848	0.0556641	0.0000000	0.0686035
321	0.0583496	0.0583496	0.0576172	0.0571289	0.0578613	0.0559082	0.0000000	0.0681152
322	0.0585938	0.0583496	0.0576172	0.0568848	0.0581055	0.0559082	0.0000000	0.0693359
323	0.0585938	0.0585938	0.0576172	0.0581055	0.0576172	0.0556641	0.0000000	0.0693359
324	0.0588379	0.0578613	0.0583496	0.0563965	0.0578613	0.0556641	0.0000000	0.0695801
325	0.0585938	0.0583496	0.0581055	0.0561523	0.0576172	0.0556641	0.0000000	0.0698242
326	0.0588379	0.0583496	0.0578613	0.0559082	0.0573731	0.0556641	0.0000000	0.0686035
327	0.0585938	0.0581055	0.0585938	0.0556641	0.0578613	0.0563965	0.0000000	0.0690918
328	0.0588379	0.0583496	0.0583496	0.0551758	0.0578613	0.0556641	0.0000000	0.0686035
329	0.0588379	0.0583496	0.0585938	0.0556641	0.0581055	0.0556641	0.0000000	0.0666504
330	0.0583496	0.0581055	0.0590820	0.0559082	0.0578613	0.0559082	0.0000000	0.0683594
331	0.0588379	0.0585938	0.0588379	0.0551758	0.0571289	0.0551758	0.0000000	0.0686035
332	0.0588379	0.0583496	0.0585938	0.0549316	0.0583496	0.0559082	0.0000000	0.0681152
333	0.0585938	0.0583496	0.0593262	0.0546875	0.0578613	0.0561523	0.0000000	0.0673828
334	0.0588379	0.0583496	0.0588379	0.0549316	0.0595703	0.0561523	0.0000000	0.0666504
335	0.0588379	0.0585938	0.0588379	0.0549316	0.0578613	0.0556641	0.0000000	0.0666504
336	0.0588379	0.0581055	0.0593262	0.0554199	0.0578613	0.0561523	0.0000000	0.0664063
337	0.0588379	0.0585938	0.0585938	0.0549316	0.0581055	0.0561523	0.0000000	0.0659180
338	0.0585938	0.0583496	0.0581055	0.0546875	0.0578613	0.0563965	0.0000000	0.0651856
339	0.0585938	0.0583496	0.0590820	0.0546875	0.0578613	0.0566406	0.0000000	0.0646973
340	0.0585938	0.0581055	0.0588379	0.0549316	0.0581055	0.0585938	0.0000000	0.0656738
341	0.0585938	0.0583496	0.0590820	0.0546875	0.0576172	0.0559082	0.0000000	0.0634766
342	0.0588379	0.0583496	0.0593262	0.0546875	0.0578613	0.0566406	0.0000000	0.0651856
343	0.0590820	0.0583496	0.0583496	0.0546875	0.0578613	0.0561523	0.0000000	0.0646973
344	0.0585938	0.0583496	0.0588379	0.0544434	0.0583496	0.0556641	0.0000000	0.0634766
345	0.0593262	0.0583496	0.0588379	0.0549316	0.0578613	0.0559082	0.0000000	0.0644531
346	0.0590820	0.0583496	0.0583496	0.0549316	0.0581055	0.0556641	0.0000000	0.0637207
347	0.0585938	0.0583496	0.0590820	0.0544434	0.0583496	0.0566406	0.0000000	0.0639649
348	0.0590820	0.0585938	0.0588379	0.0549316	0.0581055	0.0563965	0.0000000	0.0637207
349	0.0585938	0.0583496	0.0585938	0.0554199	0.0588379	0.0556641	0.0000000	0.0629883
350	0.0590820	0.0583496	0.0588379	0.0551758	0.0583496	0.0559082	0.0000000	0.0629883
351	0.0588379	0.0588379	0.0585938	0.0556641	0.0583496	0.0559082	0.0000000	0.0634766
352	0.0590820	0.0585938	0.0585938	0.0559082	0.0583496	0.0556641	0.0000000	0.0627441
353	0.0590820	0.0585938	0.0590820	0.0554199	0.0585938	0.0559082	0.0000000	0.0629883
354	0.0588379	0.0590820	0.0595703	0.0556641	0.0581055	0.0551758	0.0000000	0.0632324
355	0.0585938	0.0583496	0.0585938	0.0559082	0.0585938	0.0554199	0.0000000	0.0627441
356	0.0590820	0.0583496	0.0593262	0.0559082	0.0585938	0.0559082	0.0000000	0.0625000
357	0.0585938	0.0583496	0.0590820	0.0559082	0.0585938	0.0554199	0.0000000	0.0625000
358	0.0585938	0.0578613	0.0590820	0.0561523	0.0583496	0.0554199	0.0000000	0.0622559
359	0.0590820	0.0583496	0.0593262	0.0561523	0.0585938	0.0554199	0.0000000	0.0622559
360	0.0588379	0.0590820	0.0588379	0.0559082	0.0583496	0.0556641	0.0000000	0.0625000
361	0.0588379	0.0585938	0.0595703	0.0561523	0.0583496	0.0556641	0.0000000	0.0617676
362	0.0588379	0.0583496	0.0598145	0.0561523	0.0585938	0.0559082	0.0000000	0.0620117
363	0.0590820	0.0588379	0.0588379	0.0576172	0.0581055	0.0554199	0.0000000	0.0620117
364	0.0588379	0.0583496	0.0598145	0.0561523	0.0585938	0.0551758	0.0000000	0.0612793
365	0.0588379	0.0585938	0.0595703	0.0563965	0.0585938	0.0556641	0.0000000	0.0615234
366	0.0590820	0.0588379	0.0590820	0.0563965	0.0578613	0.0556641	0.0000000	0.0617676
367	0.0590820	0.0583496	0.0590820	0.0561523	0.0590820	0.0551758	0.0000000	0.0612793
368	0.0588379	0.0585938	0.0595703	0.0563965	0.0583496	0.0556641	0.0000000	0.0615234
369	0.0590820	0.0585938	0.0588379	0.0563965	0.0576172	0.0554199	0.0000000	0.0617676
370	0.0585938	0.0585938	0.0590820	0.0561523	0.0588379	0.0554199	0.0000000	0.0612793
371	0.0590820	0.0588379	0.0590820	0.0568848	0.0590820	0.0551758	0.0000000	0.0622559
372	0.0593262	0.0588379	0.0590820	0.0566406	0.0588379	0.0551758	0.0000000	0.0610352
373	0.0588379	0.0585938	0.0595703	0.0566406	0.0588379	0.0556641	0.0000000	0.0615234
374	0.0588379	0.0588379	0.0590820	0.0563965	0.0585938	0.0554199	0.0000000	0.0617676
375	0.0590820	0.0588379	0.0593262	0.0561523	0.0588379	0.0556641	0.0000000	0.0625000
376	0.0588379	0.0583496	0.0590820	0.0563965	0.0585938	0.0551758	0.0000000	0.0617676
377	0.0590820	0.0590820	0.0590820	0.0568848	0.0588379	0.0556641	0.0000000	0.0615234
378	0.0593262	0.0588379	0.0588379	0.0559082	0.0578613	0.0554199	0.0000000	0.0612793
379	0.0588379	0.0588379	0.0595703	0.0556641	0.0588379	0.0556641	0.0000000	0.0620117
380	0.0593262	0.0593262	0.0593262	0.0563965	0.0593262	0.0554199	0.0000000	0.0622559
381	0.0588379	0.0590820	0.0590820	0.0554199	0.0590820	0.0559082	0.0000000	0.0598145
382	0.0588379	0.0588379	0.0595703	0.0551758	0.0590820	0.0559082	0.0000000	0.0625000
383	0.0593262	0.0590820	0.0588379	0.0559082	0.0588379	0.0554199	0.0000000	0.0625000
384	0.0588379	0.0588379	0.0590820	0.0544434	0.0588379	0.0554199	0.0000000	0.0622559
385	0.0585938	0.0590820	0.0595703	0.0544434	0.0588379	0.0559082	0.0000000	0.0627441
386	0.0593262	0.0593262	0.0585938	0.0541992	0.0590820	0.0559082	0.0000000	0.0629883
387	0.0588379	0.0588379	0.0588379	0.0541992	0.0588379	0.0576172	0.0000000	0.0625000
388	0.0590820	0.0588379	0.0593262	0.0541992	0.0595703	0.0561523	0.0000000	0.0634766
389	0.0593262	0.0588379	0.0588379	0.0534668	0.0585938	0.0559082	0.0000000	0.0632324
390	0.0585938	0.0590820	0.0583496	0.0539551	0.0585938	0.0563965	0.0000000	0.0632324
391	0.0590820	0.0585938	0.0590820	0.0539551	0.0588379	0.0559082	0.0000000	0.0637207
392	0.0593262	0.0590820	0.0583496	0.0541992	0.0593262	0.0559082	0.0000000	0.0639649
393	0.0585938	0.0588379	0.0593262	0.0539551	0.0588379	0.0563965	0.0000000	0.0637207
394	0.0588379	0.0590820	0.0593262	0.0539551	0.0590820	0.0559082	0.0000000	0.0642090
395	0.0593262	0.0588379	0.0588379	0.0537109	0.0588379	0.0559082	0.0000000	0.0639649
396	0.0588379	0.0585938	0.0593262	0.0534668	0.0588379	0.0556641	0.0000000	0.0644531
397	0.0593262	0.0593262	0.0593262	0.0537109	0.0590820	0.0561523	0.0000000	0.0639649
398	0.0588379	0.0590820	0.0588379	0.0537109	0.0590820	0.0556641	0.0000000	0.0632324
399	0.0590820	0.0588379	0.0595703	0.0539551	0.0588379	0.0563965	0.0000000	0.0644531
400	0.0598145	0.0590820	0.0593262	0.0541992	0.0588379	0.0563965	0.0000000	0.0666504
401	0.0590820	0.0588379	0.0588379	0.0539551	0.0585938	0.0556641	0.0000000	0.0646973
402	0.0588379	0.0593262	0.0595703	0.0537109	0.0595703	0.0566406	0.0000000	0.0646973
403	0.0595703	0.0590820	0.0593262	0.0549316	0.0585938	0.0578613	0.0000000	0.0649414
404	0.0593262	0.0588379	0.0593262	0.0549316	0.0590820	0.0561523	0.0000000	0.0642090
405	0.0590820	0.0588379	0.0595703	0.0537109	0.0585938	0.0563965	0.0000000	0.0654297
406	0.0593262	0.0593262	0.0588379	0.0534668	0.0585938	0.0561523	0.0000000	0.0646973
407	0.0593262	0.0590820	0.0590820	0.0551758	0.0583496	0.0561523	0.0000000	0.0642090
408	0.0593262	0.0590820	0.0593262	0.0539551	0.0590820	0.0566406	0.0000000	0.0642090
409	0.0588379	0.0593262	0.0588379	0.0532227	0.0590820	0.0563965	0.0000000	0.0644531
410	0.0593262	0.0590820	0.0583496	0.0537109	0.0590820	0.0566406	0.0000000	0.0629883
411	0.0590820	0.0588379	0.0593262	0.0537109	0.0590820	0.0566406	0.0000000	0.0639649
412	0.0593262	0.0590820	0.0588379	0.0539551	0.0590820	0.0568848	0.0000000	0.0637207
413	0.0588379	0.0588379	0.0595703	0.0537109	0.0588379	0.0566406	0.0000000	0.0632324
414	0.0590820	0.0588379	0.0595703	0.0539551	0.0590820	0.0563965	0.0000000	0.0634766
415	0.0593262	0.0590820	0.0583496	0.0532227	0.0590820	0.0563965	0.0000000	0.0629883
416	0.0590820	0.0585938	0.0590820	0.0539551	0.0585938	0.0568848	0.0000000	0.0625000
417	0.0593262	0.0588379	0.0590820	0.0539551	0.0593262	0.0566406	0.0000000	0.0627441
418	0.0593262	0.0590820	0.0590820	0.0546875	0.0590820	0.0563965	0.0000000	0.0629883
419	0.0590820	0.0588379	0.0595703	0.0539551	0.0595703	0.0566406	0.0000000	0.0622559
420	0.0593262	0.0590820	0.0593262	0.0541992	0.0588379	0.0566406	0.0000000	0.0627441
421	0.0593262	0.0590820	0.0588379	0.0541992	0.0588379	0.0566406	0.0000000	0.0612793
422	0.0590820	0.0585938	0.0593262	0.0544434	0.0588379	0.0563965	0.0000000	0.0617676
423	0.0595703	0.0590820	0.0590820	0.0546875	0.0590820	0.0563965	0.0000000	0.0617676
424	0.0593262	0.0590820	0.0585938	0.0546875	0.0576172	0.0561523	0.0000000	0.0612793
425	0.0590820	0.0590820	0.0595703	0.0549316	0.0588379	0.0563965	0.0000000	0.0620117
426	0.0598145	0.0590820	0.0590820	0.0551758	0.0600586	0.0551758	0.0000000	0.0646973
427	0.0593262	0.0590820	0.0588379	0.0551758	0.0590820	0.0561523	0.0000000	0.0637207
428	0.0590820	0.0590820	0.0598145	0.0556641	0.0590820	0.0566406	0.0000000	0.0612793
429	0.0600586	0.0590820	0.0593262	0.0556641	0.0590820	0.0563965	0.0000000	0.0615234
430	0.0593262	0.0585938	0.0593262	0.0554199	0.0593262	0.0561523	0.0000000	0.0607910
431	0.0590820	0.0588379	0.0593262	0.0556641	0.0590820	0.0566406	0.0000000	0.0607910
432	0.0598145	0.0590820	0.0590820	0.0559082	0.0590820	0.0563965	0.0000000	0.0612793
433	0.0593262	0.0593262	0.0588379	0.0554199	0.0593262	0.0549316	0.0000000	0.0607910
434	0.0595703	0.0588379	0.0588379	0.0559082	0.0593262	0.0566406	0.0000000	0.0610352
435	0.0595703	0.0595703	0.0590820	0.0561523	0.0590820	0.0561523	0.0000000	0.0605469
436	0.0593262	0.0593262	0.0593262	0.0559082	0.0593262	0.0566406	0.0000000	0.0603027
437	0.0595703	0.0590820	0.0598145	0.0563965	0.0590820	0.0566406	0.0000000	0.0605469
438	0.0595703	0.0595703	0.0585938	0.0563965	0.0593262	0.0563965	0.0000000	0.0605469
439	0.0593262	0.0588379	0.0590820	0.0563965	0.0590820	0.0556641	0.0000000	0.0603027
440	0.0595703	0.0593262	0.0585938	0.0563965	0.0590820	0.0563965	0.0000000	0.0605469
441	0.0598145	0.0590820	0.0588379	0.0566406	0.0590820	0.0563965	0.0000000	0.0603027
442	0.0588379	0.0588379	0.0595703	0.0566406	0.0595703	0.0563965	0.0000000	0.0605469
443	0.0593262	0.0590820	0.0590820	0.0566406	0.0593262	0.0563965	0.0000000	0.0603027
444	0.0595703	0.0590820	0.0585938	0.0568848	0.0595703	0.0561523	0.0000000	0.0612793
445	0.0593262	0.0588379	0.0593262	0.0563965	0.0593262	0.0566406	0.0000000	0.0600586
446	0.0593262	0.0590820	0.0585938	0.0566406	0.0593262	0.0566406	0.0000000	0.0600586
447	0.0598145	0.0590820	0.0588379	0.0566406	0.0590820	0.0563965	0.0000000	0.0600586
448	0.0593262	0.0590820	0.0595703	0.0566406	0.0593262	0.0566406	0.0000000	0.0600586
449	0.0598145	0.0593262	0.0593262	0.0568848	0.0593262	0.0563965	0.0000000	0.0600586
450	0.0598145	0.0593262	0.0585938	0.0559082	0.0590820	0.0563965	0.0000000	0.0598145
451	0.0595703	0.0588379	0.0598145	0.0566406	0.0588379	0.0568848	0.0000000	0.0600586
452	0.0593262	0.0585938	0.0585938	0.0566406	0.0581055	0.0566406	0.0000000	0.0603027
453	0.0595703	0.0588379	0.0590820	0.0563965	0.0583496	0.0554199	0.0000000	0.0600586
454	0.0593262	0.0588379	0.0595703	0.0566406	0.0593262	0.0568848	0.0000000	0.0598145
455	0.0600586	0.0593262	0.0585938	0.0568848	0.0590820	0.0563965	0.0000000	0.0605469
456	0.0598145	0.0590820	0.0593262	0.0563965	0.0585938	0.0568848	0.0000000	0.0583496
457	0.0595703	0.0595703	0.0600586	0.0566406	0.0588379	0.0568848	0.0000000	0.0600586
458	0.0598145	0.0593262	0.0590820	0.0563965	0.0585938	0.0576172	0.0000000	0.0600586
459	0.0603027	0.0588379	0.0588379	0.0563965	0.0581055	0.0568848	0.0000000	0.0600586
460	0.0595703	0.0588379	0.0595703	0.0566406	0.0585938	0.0573731	0.0000000	0.0605469
461	0.0598145	0.0593262	0.0583496	0.0559082	0.0578613	0.0563965	0.0000000	0.0600586
462	0.0595703	0.0588379	0.0595703	0.0563965	0.0583496	0.0563965	0.0000000	0.0598145
463	0.0593262	0.0588379	0.0595703	0.0563965	0.0576172	0.0568848	0.0000000	0.0600586
464	0.0595703	0.0590820	0.0590820	0.0563965	0.0583496	0.0566406	0.0000000	0.0603027
465	0.0595703	0.0588379	0.0593262	0.0563965	0.0573731	0.0566406	0.0000000	0.0600586
466	0.0595703	0.0590820	0.0593262	0.0563965	0.0576172	0.0566406	0.0000000	0.0607910
467	0.0598145	0.0593262	0.0585938	0.0571289	0.0571289	0.0566406	0.0000000	0.0603027
468	0.0595703	0.0588379	0.0593262	0.0561523	0.0571289	0.0568848	0.0000000	0.0603027
469	0.0595703	0.0590820	0.0590820	0.0561523	0.0568848	0.0561523	0.0000000	0.0607910
470	0.0598145	0.0588379	0.0588379	0.0563965	0.0563965	0.0566406	0.0000000	0.0603027
471	0.0593262	0.0590820	0.0593262	0.0559082	0.0563965	0.0571289	0.0000000	0.0600586
472	0.0595703	0.0588379	0.0598145	0.0563965	0.0563965	0.0563965	0.0000000	0.0607910
473	0.0595703	0.0593262	0.0593262	0.0561523	0.0559082	0.0568848	0.0000000	0.0605469
474	0.0598145	0.0588379	0.0598145	0.0563965	0.0556641	0.0568848	0.0000000	0.0607910
475	0.0603027	0.0588379	0.0590820	0.0566406	0.0559082	0.0566406	0.0000000	0.0612793
476	0.0598145	0.0593262	0.0590820	0.0563965	0.0559082	0.0566406	0.0000000	0.0605469
477	0.0595703	0.0588379	0.0593262	0.0561523	0.0556641	0.0576172	0.0000000	0.0627441
478	0.0598145	0.0593262	0.0590820	0.0559082	0.0554199	0.0568848	0.0000000	0.0605469
479	0.0590820	0.0593262	0.0593262	0.0566406	0.0554199	0.0571289	0.0000000	0.0607910
480	0.0590820	0.0588379	0.0593262	0.0563965	0.0549316	0.0563965	0.0000000	0.0615234
481	0.0598145	0.0590820	0.0588379	0.0551758	0.0554199	0.0566406	0.0000000	0.0615234
482	0.0598145	0.0588379	0.0593262	0.0566406	0.0551758	0.0563965	0.0000000	0.0607910
483	0.0600586	0.0585938	0.0595703	0.0563965	0.0551758	0.0566406	0.0000000	0.0622559
484	0.0598145	0.0590820	0.0585938	0.0561523	0.0554199	0.0568848	0.0000000	0.0612793
485	0.0595703	0.0585938	0.0593262	0.0563965	0.0546875	0.0566406	0.0000000	0.0615234
486	0.0600586	0.0590820	0.0590820	0.0563965	0.0551758	0.0568848	0.0000000	0.0620117
487	0.0598145	0.0590820	0.0588379	0.0561523	0.0546875	0.0563965	0.0000000	0.0617676
488	0.0598145	0.0588379	0.0593262	0.0563965	0.0551758	0.0563965	0.0000000	0.0620117
489	0.0598145	0.0588379	0.0593262	0.0561523	0.0554199	0.0563965	0.0000000	0.0629883
490	0.0598145	0.0585938	0.0588379	0.0563965	0.0559082	0.0563965	0.0000000	0.0625000
491	0.0593262	0.0588379	0.0593262	0.0559082	0.0554199	0.0563965	0.0000000	0.0620117
492	0.0595703	0.0585938	0.0590820	0.0563965	0.0554199	0.0561523	0.0000000	0.0634766
493	0.0595703	0.0588379	0.0588379	0.0563965	0.0551758	0.0559082	0.0000000	0.0629883
494	0.0595703	0.0585938	0.0598145	0.0561523	0.0556641	0.0559082	0.0000000	0.0632324
495	0.0595703	0.0590820	0.0595703	0.0566406	0.0556641	0.0576172	0.0000000	0.0629883
496	0.0595703	0.0585938	0.0590820	0.0561523	0.0561523	0.0559082	0.0000000	0.0620117
497	0.0593262	0.0588379	0.0598145	0.0563965	0.0559082	0.0559082	0.0000000	0.0644531
498	0.0595703	0.0588379	0.0590820	0.0561523	0.0563965	0.0551758	0.0000000	0.0646973
499	0.0595703	0.0588379	0.0595703	0.0566406	0.0554199	0.0561523	0.0000000	0.0644531
500	0.0588379	0.0588379	0.0595703	0.0563965	0.0563965	0.0561523	0.0000000	0.0649414
501	0.0598145	0.0590820	0.0588379	0.0563965	0.0563965	0.0551758	0.0000000	0.0656738
502	0.0590820	0.0588379	0.0595703	0.0561523	0.0566406	0.0549316	0.0000000	0.0651856
503	0.0595703	0.0590820	0.0595703	0.0568848	0.0566406	0.0566406	0.0000000	0.0666504
504	0.0595703	0.0588379	0.0593262	0.0551758	0.0566406	0.0563965	0.0000000	0.0671387
505	0.0590820	0.0588379	0.0598145	0.0563965	0.0563965	0.0561523	0.0000000	0.0678711
506	0.0593262	0.0588379	0.0600586	0.0563965	0.0566406	0.0563965	0.0000000	0.0683594
507	0.0595703	0.0590820	0.0588379	0.0561523	0.0566406	0.0556641	0.0000000	0.0686035
508	0.0593262	0.0588379	0.0595703	0.0561523	0.0568848	0.0559082	0.0000000	0.0686035
509	0.0593262	0.0585938	0.0595703	0.0563965	0.0568848	0.0556641	0.0000000	0.0693359
510	0.0593262	0.0588379	0.0595703	0.0563965	0.0566406	0.0556641	0.0000000	0.0703125
511	0.0590820	0.0588379	0.0600586	0.0561523	0.0566406	0.0561523	0.0000000	0.0690918
