% x                      y                        
1.951909E-5              7.511738E-17             
1.951909E-5              7.511738E-17             
3.903818E-5              7.802515E-17             
3.903818E-5              7.802515E-17             
7.807636E-5              8.410816E-17             
7.807636E-5              8.410816E-17             
1.5615272E-4             9.777156E-17             
1.5615272E-4             9.777156E-17             
3.1230543E-4             1.3252262E-16            
3.1230543E-4             1.3252262E-16            
4.6845817E-4             1.7976739E-16            
4.6845817E-4             1.7976739E-16            
7.807636E-4              3.4285437E-16            
7.807636E-4              3.4285437E-16            
0.0010930691             6.5664784E-16            
0.0014053745             1.2564606E-15            
0.0017176799             2.3997233E-15            
0.002342291              8.798284E-15             
0.002342291              8.798284E-15             
0.0029669018             2.91661E-14              
0.0029669018             2.91661E-14              
0.0042161234             2.844365E-12             
0.0042161234             2.844365E-12             
0.0054653455             8.188738E-11             
0.006714567              6.5138617E-10            
0.007963789              3.8406807E-9             
0.007963789              3.8406807E-9             
0.009213011              1.8258055E-8             
0.009213011              1.8258055E-8             
0.011711454              4.4159864E-7             
0.011711454              4.4159864E-7             
0.014209898              3.3032914E-6             
0.014209898              3.3032914E-6             
0.019206785              8.1546656E-5             
0.019206785              8.1546656E-5             
0.023703983              4.8380846E-4             
0.028201181              0.0016239963             
0.03269838               0.004116247              
0.03719558               0.008617312              
0.03719558               0.008617312              
0.046189975              0.025248008              
0.05518437               0.053676747              
0.05518437               0.053676747              
0.06417877               0.09311861               
0.073173165              0.14063327               
0.082167566              0.19268179               
0.082167566              0.19268179               
0.09116196               0.24623096               
0.09116196               0.24623096               
0.10416758               0.32256734               
0.1171732                0.39494917               
0.1171732                0.39494917               
0.13017882               0.4622014                
0.13017882               0.4622014                
0.14318445               0.52381617               
0.14318445               0.52381617               
0.15619007               0.5795977                
0.15619007               0.5795977                
0.16789514               0.62521315               
0.16789514               0.62521315               
0.1796002                0.6680996                
0.18778287               0.6986794                
0.18778287               0.6986794                
0.19596553               0.73414457               
0.2041482                0.78347623               
0.2041482                0.78347623               
0.21233086               0.86522865               
0.21233086               0.86522865               
0.21969527               0.9916358                
0.22632323               1.1705904                
0.22632323               1.1705904                
0.2314908                1.359279                 
0.23665838               1.5779613                
0.23665838               1.5779613                
0.24182594               1.7960305                
0.24182594               1.7960305                
0.24259773               1.8258718                
0.24259773               1.8258718                
0.2441413                1.8822922                
0.2441413                1.8822922                
0.24722844               1.980533                 
0.25031558               2.058065                 
0.2534027                2.115042                 
0.2534027                2.115042                 
0.25648987               2.1532135                
0.259577                 2.175291                 
0.259577                 2.175291                 
0.2657513                2.1834037                
0.27192557               2.1617486                
0.27809986               2.1288207                
0.28427413               2.0972848                
0.29044843               2.0740368                
0.29044843               2.0740368                
0.29662272               2.0619974                
0.302797                 2.0604873                
0.302797                 2.0604873                
0.31228057               2.0724797                
0.31228057               2.0724797                
0.32176414               2.0946484                
0.33124775               2.118288                 
0.34073132               2.137101                 
0.3502149                2.148422                 
0.3502149                2.148422                 
0.35969847               2.1526487                
0.36918205               2.1529496                
0.37866563               2.1529446                
0.37866563               2.1529446                
0.3881492                2.1548023                
0.3976328                2.1587546                
0.40711638               2.163614                 
0.40711638               2.163614                 
0.41659996               2.1678221                
0.42608353               2.1706972                
0.4355671                2.1725476                
0.4355671                2.1725476                
0.45453426               2.1749344                
0.45453426               2.1749344                
0.47350144               2.1781456                
0.47350144               2.1781456                
0.51143575               2.1835995                
0.51143575               2.1835995                
0.54937005               2.1874418                
0.54937005               2.1874418                
0.6252387                2.1905644                
0.6252387                2.1905644                
0.7011074                2.191058                 
0.776976                 2.191457                 
0.776976                 2.191457                 
0.92871326               2.1916907                
0.92871326               2.1916907                
1.2321879                2.1918008                
1.2321879                2.1918008                
1.7321879                2.19183                  
1.7321879                2.19183                  
2.2321877                2.1918275                
2.2321877                2.1918275                
2.7321877                2.1918318                
3.2321877                2.191831                 
3.2321877                2.191831                 
3.7321877                2.1918316                
3.7321877                2.1918316                
4.2321877                2.1918316                
4.2321877                2.1918316                
4.7321877                2.1918316                
4.7321877                2.1918316                
5.0                      2.1918316                
