% x                      y                        
0.0                      -8.578855E-22            
0.1                      12.01967                 
0.2                      13.18797                 
0.3                      14.6191025               
0.4                      14.264045                
0.5                      12.950456                
0.6                      14.862657                
0.7                      13.596315                
0.8                      13.080923                
0.9                      13.4531975               
1.0                      15.967194                
1.1                      14.641885                
1.2                      12.553244                
1.3                      13.173176                
1.4                      14.798683                
1.5                      13.486027                
1.6                      14.185321                
1.7                      14.167787                
1.8                      15.701677                
1.9                      13.555447                
2.0                      16.811354                
2.1                      13.201929                
2.2                      14.641721                
2.3                      13.014782                
2.4                      13.496089                
2.5                      12.172829                
2.6                      12.752394                
2.7                      13.176466                
2.8                      12.739802                
2.9                      13.117615                
3.0                      12.413018                
3.1                      12.916669                
3.2                      12.041789                
3.3                      12.368131                
3.4                      14.686086                
3.5                      13.830363                
3.6                      14.762721                
3.7                      13.199687                
3.8                      15.4279995               
3.9                      14.822064                
4.0                      15.379712                
4.1                      12.945457                
4.2                      15.112092                
4.3                      13.010698                
4.4                      11.779649                
4.5                      14.539746                
4.6                      14.675624                
4.7                      12.887054                
4.8                      14.655318                
4.9                      13.197788                
5.0                      11.135644                
