% x                      y                        
1.9647818E-5             7.514213E-17             
1.9647818E-5             7.514213E-17             
3.9295635E-5             7.80708E-17              
3.9295635E-5             7.80708E-17              
7.859127E-5              8.419937E-17             
7.859127E-5              8.419937E-17             
1.5718254E-4             9.797564E-17             
1.5718254E-4             9.797564E-17             
3.1436508E-4             1.3307621E-16            
4.7154762E-4             1.8089773E-16            
4.7154762E-4             1.8089773E-16            
7.8591274E-4             3.4672664E-16            
0.0011002778             6.6740553E-16            
0.0011002778             6.6740553E-16            
0.0014146429             1.2834278E-15            
0.0014146429             1.2834278E-15            
0.002043373              7.213501E-15             
0.0026721032             3.8195213E-14            
0.0026721032             3.8195213E-14            
0.0033008333             1.8405222E-13            
0.0039295633             8.048637E-13             
0.005187024              1.3034948E-11            
0.005187024              1.3034948E-11            
0.006444484              9.793989E-11             
0.006444484              9.793989E-11             
0.008698304              6.358885E-8              
0.010726742              4.7911533E-7             
0.010726742              4.7911533E-7             
0.012755181              2.3728685E-6             
0.014783619              8.804583E-6              
0.014783619              8.804583E-6              
0.018840495              9.947539E-5              
0.022897372              4.4128322E-4             
0.026954249              0.0013307414             
0.031011125              0.0031749052             
0.031011125              0.0031749052             
0.039124876              0.011372367              
0.04723863               0.0281198                
0.055352382              0.055125035              
0.055352382              0.055125035              
0.06346614               0.0913913                
0.07157989               0.13363373               
0.07157989               0.13363373               
0.087807395              0.22739044               
0.087807395              0.22739044               
0.1040349                0.3209041                
0.12026241               0.41035044               
0.12026241               0.41035044               
0.15271743               0.5645935                
0.18517242               0.68521464               
0.21762744               0.77485156               
0.21762744               0.77485156               
0.25008246               0.8395883                
0.3149925                0.9159649                
0.3149925                0.9159649                
0.3799025                0.9530774                
0.44481254               0.97544783               
0.50972253               0.990535                 
0.50972253               0.990535                 
0.6395426                1.001772                 
0.7693626                1.0030035                
0.7693626                1.0030035                
0.8991827                1.0018386                
0.8991827                1.0018386                
1.1588228                1.0005153                
1.1588228                1.0005153                
1.6588228                1.0000863                
2.1588228                1.0000141                
2.1588228                1.0000141                
2.6588228                1.0000019                
2.6588228                1.0000019                
3.1588228                0.9999999                
3.1588228                0.9999999                
3.6588228                0.9999995                
3.6588228                0.9999995                
4.158823                 0.99999946               
4.158823                 0.99999946               
4.658823                 0.99999946               
5.0                      0.99999946               
