% x                      y                        
1.6743983E-5             7.465015E-17             
1.6743983E-5             7.465015E-17             
3.3487966E-5             7.7115415E-17            
3.3487966E-5             7.7115415E-17            
6.697593E-5              8.223923E-17             
6.697593E-5              8.223923E-17             
1.3395186E-4             9.355893E-17             
1.3395186E-4             9.355893E-17             
2.6790373E-4             1.2128752E-16            
4.018556E-4              1.5730904E-16            
4.018556E-4              1.5730904E-16            
6.697593E-4              2.7051527E-16            
9.37663E-4               4.6659143E-16            
0.0012055668             8.044543E-16             
0.0012055668             8.044543E-16             
0.0014734705             1.3854947E-15            
0.0017413743             2.3387206E-15            
0.002009278              3.9451305E-15            
0.002009278              3.9451305E-15            
0.0025450855             1.152075E-14             
0.0025450855             1.152075E-14             
0.0030808928             4.1545902E-14            
0.0036167004             1.4776024E-13            
0.0036167004             1.4776024E-13            
0.004688315              1.0688287E-11            
0.0057599302             1.2363773E-10            
0.006831545              8.490494E-10             
0.00790316               4.2894905E-9             
0.00790316               4.2894905E-9             
0.008974775              1.4782526E-8             
0.01004639               4.8935124E-8             
0.011118005              1.4343551E-7             
0.012189619              3.8211766E-7             
0.012189619              3.8211766E-7             
0.013261234              9.3474523E-7             
0.0143328495             2.0776727E-6             
0.015404465              4.3756477E-6             
0.015404465              4.3756477E-6             
0.01647608               8.701912E-6              
0.017547695              1.6513326E-5             
0.018619308              2.9903093E-5             
0.018619308              2.9903093E-5             
0.019690923              5.1929506E-5             
0.020762539              8.6652806E-5             
0.021834154              1.3933513E-4             
0.021834154              1.3933513E-4             
0.022798607              2.0763448E-4             
0.022798607              2.0763448E-4             
0.02355149               2.7873804E-4             
0.02355149               2.7873804E-4             
0.024304373              3.694494E-4              
0.024304373              3.694494E-4              
0.024908911              4.599025E-4              
0.024908911              4.599025E-4              
0.025418527              5.517323E-4              
0.025928143              6.6288124E-4             
0.025928143              6.6288124E-4             
0.026386797              7.87719E-4               
0.026386797              7.87719E-4               
0.026733426              9.0583734E-4             
0.027080055              0.0010567679             
0.027080055              0.0010567679             
0.027360287              0.0012145631             
0.027360287              0.0012145631             
0.027595973              0.0013762203             
0.027831657              0.0015505262             
0.027831657              0.0015505262             
0.028021656              0.0016805208             
0.028211655              0.0017770163             
0.028401654              0.0019268148             
0.028591655              0.0028530492             
0.028591655              0.0028530492             
0.02873842               0.0056872102             
0.028885186              0.013773774              
0.028885186              0.013773774              
0.029031953              0.033349786              
0.029178718              0.073738076              
0.029178718              0.073738076              
0.029325485              0.14636432               
0.02947225               0.25998953               
0.029619016              0.41625327               
0.029619016              0.41625327               
0.029765783              0.6093057                
0.029912548              0.8289111                
0.030059313              1.064346                 
0.03020608               1.3066136                
0.03020608               1.3066136                
0.030352846              1.548197                 
0.030499613              1.781856                 
0.030646378              2.0004501                
0.030793143              2.197659                 
0.030793143              2.197659                 
0.03093991               2.3695507                
0.031086676              2.5154188                
0.031233443              2.637202                 
0.031233443              2.637202                 
0.031380206              2.7379994                
0.031526975              2.819987                 
0.03167374               2.883864                 
0.03167374               2.883864                 
0.031820506              2.9305425                
0.03196727               2.9614387                
0.032114036              2.9789011                
0.032114036              2.9789011                
0.032260805              2.9856367                
0.03240757               2.9836621                
0.032554336              2.9744058                
0.0327011                2.958833                 
0.0327011                2.958833                 
0.032847866              2.9377356                
0.032994635              2.9121404                
0.0331414                2.8827937                
0.033288166              2.8505707                
0.033288166              2.8505707                
0.03343493               2.8162496                
0.033581696              2.7804177                
0.033728465              2.7435062                
0.033728465              2.7435062                
0.03387523               2.7059035                
0.034021996              2.6678598                
0.03416876               2.6295779                
0.03416876               2.6295779                
0.034315526              2.591281                 
0.034462295              2.5531452                
0.034462295              2.5531452                
0.03460906               2.5153127                
0.034755826              2.477929                 
0.034755826              2.477929                 
0.03490259               2.4410918                
0.035049357              2.4048767                
0.035196126              2.3693368                
0.035196126              2.3693368                
0.03534289               2.3345172                
0.035489656              2.30045                  
0.03563642               2.2671528                
0.03563642               2.2671528                
0.035783187              2.2346363                
0.035929956              2.2029064                
0.035929956              2.2029064                
0.03607672               2.171965                 
0.036223486              2.1418087                
0.036223486              2.1418087                
0.03637025               2.112432                 
0.036517017              2.083825                 
0.036517017              2.083825                 
0.036663786              2.055977                 
0.03681055               2.0288754                
0.036957316              2.002505                 
0.036957316              2.002505                 
0.03710408               1.9768497                
0.037250847              1.9518934                
0.037250847              1.9518934                
0.037397616              1.9279519                
0.03754438               1.9046588                
0.037691146              1.8819975                
0.037691146              1.8819975                
0.037984677              1.8381078                
0.03827821               1.7964102                
0.03857174               1.7569574                
0.03857174               1.7569574                
0.039158806              1.6842885                
0.039687164              1.625574                 
0.040215522              1.5726207                
0.040215522              1.5726207                
0.04074388               1.524993                 
0.041272234              1.4823048                
0.041800592              1.4442966                
0.041800592              1.4442966                
0.04232895               1.410656                 
0.042857308              1.3811452                
0.043385666              1.355564                 
0.043914024              1.3337547                
0.043914024              1.3337547                
0.04497074               1.3008199                
0.046027455              1.2810279                
0.046027455              1.2810279                
0.047084168              1.2724211                
0.047084168              1.2724211                
0.04803521               1.2718031                
0.048986256              1.2748646                
0.048986256              1.2748646                
0.049842197              1.2778038                
0.050698135              1.2780226                
0.05145837               1.2737442                
0.05145837               1.2737442                
0.052218605              1.2635243                
0.052902818              1.2481238                
0.052902818              1.2481238                
0.05358703               1.2261637                
0.05358703               1.2261637                
0.053683087              1.2225342                
0.053683087              1.2225342                
0.0538752                1.2148726                
0.0538752                1.2148726                
0.054259427              1.1979709                
0.054259427              1.1979709                
0.054643653              1.179075                 
0.05502788               1.1584201                
0.055412106              1.1364002                
0.055796336              1.1136295                
0.056180563              1.0910203                
0.056180563              1.0910203                
0.05656479               1.0698727                
0.056949016              1.0520098                
0.056949016              1.0520098                
0.057333242              1.0398959                
0.057717472              1.0367074                
0.057717472              1.0367074                
0.0581017                1.0462859                
0.0581017                1.0462859                
0.058485925              1.0728573                
0.05887015               1.1204247                
0.05887015               1.1204247                
0.059254378              1.1918885                
0.059254378              1.1918885                
0.059638605              1.2881862                
0.059638605              1.2881862                
0.059984412              1.3947973                
0.060330216              1.5173459                
0.060330216              1.5173459                
0.06067602               1.6518254                
0.06098724               1.7792865                
0.06098724               1.7792865                
0.061298467              1.9091698                
0.061298467              1.9091698                
0.061609693              2.0379303                
0.061889794              2.1499867                
0.062169895              2.2558894                
0.062169895              2.2558894                
0.062449995              2.3535175                
0.06270209               2.433056                 
0.06270209               2.433056                 
0.06295418               2.5041096                
0.06320627               2.5664747                
0.06320627               2.5664747                
0.06345836               2.6200125                
0.06371045               2.6647844                
0.06396254               2.7011244                
0.06421464               2.729623                 
0.06421464               2.729623                 
0.06446673               2.7510507                
0.06471882               2.7663052                
0.06497091               2.776292                 
0.065223                 2.7817996                
0.065223                 2.7817996                
0.06547509               2.7834945                
0.06572718               2.7819915                
0.06597927               2.7778099                
0.06597927               2.7778099                
0.06623137               2.7714744                
0.06648346               2.7635088                
0.06673555               2.7542987                
0.06673555               2.7542987                
0.06698764               2.7441537                
0.06723973               2.73338                  
0.06723973               2.73338                  
0.06749182               2.7221353                
0.06774391               2.710602                 
0.06799601               2.6989014                
0.0682481                2.687162                 
0.0682481                2.687162                 
0.06850019               2.675479                 
0.06850019               2.675479                 
0.06875228               2.663923                 
0.06900437               2.6525576                
0.06900437               2.6525576                
0.06925646               2.6414323                
0.06925646               2.6414323                
0.06950855               2.6305802                
0.06950855               2.6305802                
0.06976064               2.6200233                
0.07001274               2.6097832                
0.07001274               2.6097832                
0.07026483               2.5998702                
0.07026483               2.5998702                
0.07076901               2.5810843                
0.07076901               2.5810843                
0.071222775              2.5653913                
0.071676545              2.550892                 
0.07213031               2.5376198                
0.07258407               2.525607                 
0.07258407               2.525607                 
0.073491596              2.505475                 
0.07439913               2.4907722                
0.075306654              2.481814                 
0.075306654              2.481814                 
0.07621419               2.478839                 
0.077030964              2.4813745                
0.077030964              2.4813745                
0.07784774               2.4888258                
0.07866451               2.5008702                
0.07866451               2.5008702                
0.079399616              2.5151515                
0.08013471               2.5319839                
0.08086981               2.5504074                
0.08160491               2.569347                 
0.08234001               2.5877864                
0.08234001               2.5877864                
0.083075106              2.6049404                
0.0838102                2.6203644                
0.0838102                2.6203644                
0.08454531               2.6341362                
0.0852804                2.6470213                
0.0852804                2.6470213                
0.0860155                2.6605244                
0.08667709               2.675011                 
0.08667709               2.675011                 
0.08727252               2.6916785                
0.08780841               2.7111282                
0.08780841               2.7111282                
0.08834429               2.7363186                
0.08888018               2.7688737                
0.08888018               2.7688737                
0.089416064              2.8104692                
0.089951955              2.8626313                
0.089951955              2.8626313                
0.09043425               2.919496                 
0.09091655               2.9858038                
0.09091655               2.9858038                
0.09139885               3.0604134                
0.09183291               3.1325061                
0.09183291               3.1325061                
0.09222358               3.198842                 
0.09261424               3.2638023                
0.0930049                3.3247418                
0.0930049                3.3247418                
0.09339556               3.3794496                
0.093786225              3.4263902                
0.09417689               3.4647288                
0.094567545              3.4942026                
0.094567545              3.4942026                
0.09495821               3.5149713                
0.09534887               3.5274496                
0.09573953               3.53224                  
0.09613019               3.5301054                
0.09613019               3.5301054                
0.096520856              3.5219495                
0.09691151               3.5087492                
0.097302176              3.4914727                
0.097302176              3.4914727                
0.09769284               3.4710171                
0.0980835                3.4481926                
0.09847416               3.4237175                
0.09847416               3.4237175                
0.09886482               3.3982532                
0.09925549               3.372378                 
0.09964614               3.346576                 
0.09964614               3.346576                 
0.10003681               3.3212607                
0.10042747               3.2968383                
0.10081813               3.2735229                
0.10081813               3.2735229                
0.10120879               3.2515655                
0.101599455              3.2312014                
0.10199012               3.2126245                
0.10199012               3.2126245                
0.10277144               3.1813798                
0.10347463               3.1606615                
0.10347463               3.1606615                
0.10417782               3.1473892                
0.10488101               3.1417024                
0.105584204              3.1434321                
0.10628739               3.152059                 
0.10628739               3.152059                 
0.10699058               3.1667416                
0.10769378               3.1861544                
0.10839696               3.2086325                
0.10839696               3.2086325                
0.109100156              3.232251                 
0.10980335               3.2550483                
0.110506535              3.275244                 
0.11120973               3.2914233                
0.11120973               3.2914233                
0.11191291               3.3028169                
0.11261611               3.3093176                
0.1133193                3.311507                 
0.114022486              3.3103712                
0.114022486              3.3103712                
0.11472568               3.307238                 
0.11542887               3.3035364                
0.11542887               3.3035364                
0.11613206               3.3007321                
0.11683525               3.3003356                
0.117538445              3.303799                 
0.117538445              3.303799                 
0.11824163               3.3124173                
0.118944824              3.3271925                
0.11964802               3.3486881                
0.11964802               3.3486881                
0.1203512                3.3768735                
0.121054396              3.4109285                
0.121054396              3.4109285                
0.12168727               3.4451318                
0.12232014               3.4808028                
0.12295301               3.515808                 
0.12358588               3.5478551                
0.12358588               3.5478551                
0.124218754              3.57478                  
0.12485163               3.5947514                
0.1254845                3.6066558                
0.1254845                3.6066558                
0.12611736               3.6101186                
0.12675025               3.6055343                
0.12675025               3.6055343                
0.12738311               3.593852                 
0.12801598               3.576447                 
0.12864886               3.554878                 
0.12928173               3.5307703                
0.12928173               3.5307703                
0.1299146                3.5057063                
0.13054746               3.481135                 
0.13118035               3.4583945                
0.13118035               3.4583945                
0.13181321               3.4386616                
0.13244608               3.4229233                
0.13307896               3.4119992                
0.13307896               3.4119992                
0.13371183               3.4064183                
0.1343447                3.4064636                
0.13497758               3.4120967                
0.13561045               3.4229732                
0.13561045               3.4229732                
0.13624331               3.4384012                
0.13687618               3.4573672                
0.13750906               3.4785452                
0.13750906               3.4785452                
0.13814193               3.500482                 
0.1387748                3.52172                  
0.13940768               3.540874                 
0.14004055               3.556791                 
0.14004055               3.556791                 
0.14067341               3.5685852                
0.1413063                3.5758567                
0.14193916               3.578633                 
0.14193916               3.578633                 
0.14257203               3.5773506                
0.1432049                3.57279                  
0.14383778               3.565918                 
0.14383778               3.565918                 
0.14447065               3.5578485                
0.14504023               3.5504444                
0.14504023               3.5504444                
0.14560981               3.5436668                
0.14617941               3.5382106                
0.14674899               3.5346825                
0.14731857               3.5335848                
0.14731857               3.5335848                
0.14788815               3.5352914                
0.14845774               3.5400631                
0.14902732               3.5479338                
0.14902732               3.5479338                
0.14959691               3.5587335                
0.1501665                3.5721524                
0.15073608               3.5876787                
0.15130566               3.6046293                
0.15130566               3.6046293                
0.15187524               3.6222024                
0.15244482               3.6394677                
0.15301442               3.6554728                
0.15301442               3.6554728                
0.153584                 3.6693137                
0.15415359               3.6802382                
0.15472317               3.687703                 
0.15529275               3.6914027                
0.15529275               3.6914027                
0.15586233               3.691327                 
0.15643193               3.6876724                
0.15700151               3.6807928                
0.15700151               3.6807928                
0.15757109               3.671211                 
0.15814067               3.659564                 
0.15814067               3.659564                 
0.15864274               3.6482754                
0.15914482               3.636578                 
0.15964688               3.6249099                
0.16014895               3.6137464                
0.16014895               3.6137464                
0.16065103               3.6034322                
0.1611531                3.5944533                
0.16165516               3.5871942                
0.16165516               3.5871942                
0.16215724               3.5820072                
0.1626593                3.5791373                
0.1626593                3.5791373                
0.16316138               3.5787766                
0.16366345               3.580996                 
0.16416551               3.5857475                
0.16466759               3.5928798                
0.16466759               3.5928798                
0.16516966               3.6021388                
0.16516966               3.6021388                
0.1661738                3.6255484                
0.1661738                3.6255484                
0.16717793               3.6522105                
0.16818208               3.6776211                
0.16918622               3.6975121                
0.17019036               3.7089007                
0.17019036               3.7089007                
0.1711945                3.7108164                
0.17219864               3.7044106                
0.17320278               3.6925123                
0.17320278               3.6925123                
0.17420691               3.6786945                
0.17521106               3.6664135                
0.1762152                3.6584473                
0.17721935               3.656726                 
0.17721935               3.656726                 
0.17822348               3.6622431                
0.17922762               3.6748278                
0.18023176               3.6929078                
0.1812359                3.7135746                
0.1812359                3.7135746                
0.18224004               3.7331479                
0.18324418               3.7481027                
0.18424831               3.7559903                
0.18525246               3.7559857                
0.18525246               3.7559857                
0.1862566                3.7489064                
0.18726075               3.736786                 
0.18826488               3.722265                 
0.18926902               3.708068                 
0.18926902               3.708068                 
0.19027317               3.6966958                
0.1912773                3.6902502                
0.19228144               3.6902125                
0.19328558               3.6971016                
0.19328558               3.6971016                
0.19428973               3.7101445                
0.19529386               3.7272532                
0.196298                 3.7454753                
0.19730215               3.7617524                
0.19730215               3.7617524                
0.19830628               3.773588                 
0.19931042               3.7794104                
0.20031457               3.7787695                
0.20131871               3.7725189                
0.20131871               3.7725189                
0.20232284               3.7627661                
0.20332699               3.7522542                
0.20433113               3.743394                 
0.20533526               3.737727                 
0.20533526               3.737727                 
0.2063394                3.7362099                
0.20734355               3.7396483                
0.2083477                3.7483447                
0.20935182               3.7611942                
0.20935182               3.7611942                
0.21035597               3.775541                 
0.21136011               3.7883577                
0.21236424               3.7976165                
0.21336839               3.8024986                
0.21336839               3.8024986                
0.21437253               3.8026974                
0.21537666               3.7981834                
0.2163808                3.7898366                
0.2163808                3.7898366                
0.21738495               3.7798002                
0.2183891                3.770559                 
0.21939322               3.7640252                
0.22039737               3.7612758                
0.22039737               3.7612758                
0.22140151               3.7627773                
0.22240564               3.7685602                
0.22340979               3.7780886                
0.22340979               3.7780886                
0.22441393               3.7900236                
0.22541808               3.802282                 
0.2264222                3.8125944                
0.22742635               3.8193173                
0.22742635               3.8193173                
0.2284305                3.8218038                
0.22943462               3.8201587                
0.23043877               3.8149636                
0.23043877               3.8149636                
0.23144291               3.8074532                
0.23244706               3.7995155                
0.23345119               3.793071                 
0.23445533               3.7894373                
0.23445533               3.7894373                
0.23545948               3.7892387                
0.2364636                3.7926548                
0.23746775               3.7994297                
0.2384719                3.8086212                
0.2384719                3.8086212                
0.23947604               3.8185825                
0.24048017               3.8274245                
0.24148431               3.8336515                
0.24148431               3.8336515                
0.24248846               3.8364792                
0.24349259               3.8357265                
0.24449673               3.831735                 
0.24550088               3.8255045                
0.24550088               3.8255045                
0.246505                 3.818613                 
0.24750915               3.8125908                
0.2485133                3.8085563                
0.2485133                3.8085563                
0.24951744               3.8071961                
0.25052157               3.8089736                
0.25152573               3.8138506                
0.25152573               3.8138506                
0.25252986               3.8211608                
0.253534                 3.829715                 
0.25453815               3.8380566                
0.25554228               3.8447905                
0.25554228               3.8447905                
0.2565464                3.8488584                
0.25755057               3.849745                 
0.2585547                3.8475635                
0.2585547                3.8475635                
0.25955883               3.8429973                
0.260563                 3.8371408                
0.26156712               3.831284                 
0.26156712               3.831284                 
0.26257125               3.826698                 
0.2635754                3.8243747                
0.26457953               3.824847                 
0.26558366               3.828105                 
0.26558366               3.828105                 
0.26658782               3.8336225                
0.26759195               3.8404806                
0.2685961                3.8475401                
0.26960024               3.8536236                
0.26960024               3.8536236                
0.27060437               3.8577156                
0.27160853               3.8591912                
0.27261266               3.8579962                
0.2736168                3.8546576                
0.27462095               3.8500783                
0.27462095               3.8500783                
0.27562508               3.845248                 
0.2766292                3.8410752                
0.27763337               3.8383744                
0.2786375                3.8378272                
0.2786375                3.8378272                
0.27964163               3.839762                 
0.2806458                3.843901                 
0.28164992               3.8494034                
0.28265408               3.8552558                
0.28265408               3.8552558                
0.2836582                3.8606267                
0.28466234               3.8648376                
0.2856665                3.867182                 
0.28667063               3.86711                  
0.28667063               3.86711                  
0.28767475               3.8647573                
0.2886789                3.8610826                
0.28968304               3.8572195                
0.28968304               3.8572195                
0.29068717               3.85371                  
0.29169133               3.8509161                
0.29269546               3.8495193                
0.29269546               3.8495193                
0.2936996                3.850142                 
0.29470375               3.8528275                
0.29570788               3.8570304                
0.296712                 3.8619502                
0.296712                 3.8619502                
0.29771617               3.8667796                
0.2987203                3.870776                 
0.29972446               3.8733144                
0.29972446               3.8733144                
0.3007286                3.874008                 
0.30173272               3.8728306                
0.30273688               3.8701484                
0.30273688               3.8701484                
0.303741                 3.8666227                
0.30474514               3.8630373                
0.3057493                3.860153                 
0.3057493                3.860153                 
0.30675343               3.8585682                
0.30775756               3.8586378                
0.30876172               3.8604102                
0.30976585               3.8636057                
0.30976585               3.8636057                
0.31076998               3.8676763                
0.31177413               3.8719308                
0.31277826               3.8756683                
0.31378242               3.8782864                
0.31378242               3.8782864                
0.31478655               3.87939                  
0.31579068               3.878889                 
0.31679484               3.877029                 
0.31779897               3.874309                 
0.31779897               3.874309                 
0.3188031                3.8713362                
0.31980726               3.8687046                
0.3208114                3.8669343                
0.32181552               3.8664167                
0.32281968               3.8673315                
0.32281968               3.8673315                
0.3238238                3.8695695                
0.32482794               3.8727329                
0.3258321                3.8762352                
0.32683623               3.8794682                
0.32683623               3.8794682                
0.32784036               3.8819456                
0.32884452               3.8833456                
0.32984865               3.8834856                
0.3308528                3.8823535                
0.3308528                3.8823535                
0.33185694               3.8802233                
0.33286107               3.877679                 
0.33386523               3.8753877                
0.33486935               3.873787                 
0.33486935               3.873787                 
0.33587348               3.8730342                
0.33687764               3.8732684                
0.33687764               3.8732684                
0.33788177               3.87462                  
0.3388859                3.8769722                
0.33989006               3.879903                 
0.3408942                3.8828528                
0.3408942                3.8828528                
0.34189832               3.885305                 
0.34290248               3.8868756                
0.3439066                3.887362                 
0.3439066                3.887362                 
0.34491077               3.886759                 
0.3459149                3.8852525                
0.34691903               3.8831885                
0.3479232                3.881014                 
0.3479232                3.881014                 
0.34892732               3.8792007                
0.34993145               3.8781397                
0.34993145               3.8781397                
0.35193974               3.8791041                
0.35394803               3.8834443                
0.35394803               3.8834443                
0.35575548               3.888014                 
0.35738218               3.8905668                
0.35900888               3.8905394                
0.35900888               3.8905394                
0.36063558               3.8879862                
0.3622623                3.8841903                
0.363889                 3.881156                 
0.3655157                3.8806748                
0.3655157                3.8806748                
0.3671424                3.8834424                
0.36876914               3.888377                 
0.37039584               3.893042                 
0.37039584               3.893042                 
0.37202254               3.895045                 
0.37364924               3.893385                 
0.37527597               3.8892045                
0.37527597               3.8892045                
0.37690267               3.8848693                
0.3783667                3.8830209                
0.37983075               3.8842082                
0.37983075               3.8842082                
0.3812948                3.8879                   
0.3827588                3.8924549                
0.3827588                3.8924549                
0.38407645               3.8957276                
0.38539407               3.8973033                
0.38671172               3.8968124                
0.38802934               3.8945198                
0.38802934               3.8945198                
0.389347                 3.8911805                
0.3906646                3.8878257                
0.39198223               3.8856187                
0.39198223               3.8856187                
0.39329988               3.8854294                
0.3946175                3.8873837                
0.3946175                3.8873837                
0.39593515               3.890923                 
0.39725277               3.8950636                
0.39857042               3.898587                 
0.39988804               3.9004464                
0.39988804               3.9004464                
0.40120566               3.9000018                
0.4025233                3.897448                 
0.4025233                3.897448                 
0.40384093               3.893663                 
0.40515858               3.8898065                
0.4064762                3.8871596                
0.40779382               3.8865972                
0.40779382               3.8865972                
0.40911147               3.888531                 
0.4104291                3.892603                 
0.41174674               3.897584                 
0.41174674               3.897584                 
0.41306436               3.9013793                
0.414382                 3.9024062                
0.414382                 3.9024062                
0.41569963               3.900714                 
0.41701725               3.8976407                
0.41701725               3.8976407                
0.41820315               3.8947465                
0.419389                 3.8920827                
0.42057487               3.8900616                
0.42057487               3.8900616                
0.42176074               3.8891723                
0.4229466                3.8898463                
0.42413247               3.8921578                
0.42413247               3.8921578                
0.42531836               3.8956873                
0.42650422               3.899439                 
0.4276901                3.9022243                
0.42887595               3.9032283                
0.42887595               3.9032283                
0.43006182               3.9024012                
0.4312477                3.9002352                
0.43243358               3.8973036                
0.43243358               3.8973036                
0.43361944               3.8942199                
0.4348053                3.8915844                
0.43599117               3.8900805                
0.43717703               3.890244                 
0.43717703               3.890244                 
0.43836293               3.8922634                
0.4395488                3.8958342                
0.44073465               3.9000037                
0.44073465               3.9000037                
0.44192052               3.9035223                
0.44310638               3.9052727                
0.44429228               3.90488                  
0.44429228               3.90488                  
0.44547814               3.9025533                
0.446664                 3.8989694                
0.44784987               3.8952012                
0.44903573               3.8921106                
0.44903573               3.8921106                
0.4502216                3.890517                 
0.4514075                3.8908215                
0.45259336               3.8930266                
0.45259336               3.8930266                
0.45377922               3.896685                 
0.45496508               3.9008446                
0.45615095               3.9043639                
0.45615095               3.9043639                
0.4573368                3.9062417                
0.4585227                3.9060855                
0.45970857               3.9039912                
0.46089444               3.9005418                
0.46089444               3.9005418                
0.4620803                3.8967304                
0.4620803                3.8967304                
0.46326616               3.89361                  
0.46445206               3.8920147                
0.46563792               3.8922782                
0.4668238                3.8942032                
0.46800965               3.89727                  
0.46800965               3.89727                  
0.46919551               3.9008248                
0.47038138               3.904096                 
0.47156727               3.9062715                
0.47156727               3.9062715                
0.47275314               3.9066963                
0.473939                 3.9051957                
0.47512487               3.902212                 
0.47512487               3.902212                 
0.47631073               3.8986137                
0.4774966                3.8954165                
0.4786825                3.893455                 
0.47986835               3.8932035                
0.47986835               3.8932035                
0.48105422               3.8947268                
0.48224008               3.8976617                
0.48342595               3.9012392                
0.48342595               3.9012392                
0.48461184               3.9044409                
0.4857977                3.9063392                
0.48698357               3.9064715                
0.48816943               3.904987                 
0.4893553                3.9024625                
0.4893553                3.9024625                
0.49054116               3.8995917                
0.49172705               3.8970227                
0.49291292               3.8953502                
0.49291292               3.8953502                
0.49409878               3.895049                 
0.49528465               3.896246                 
0.4964705                3.8985837                
0.4976564                3.901361                 
0.4976564                3.901361                 
0.49884227               3.9038424                
0.50002813               3.9054666                
0.501214                 3.9059222                
0.501214                 3.9059222                
0.50239986               3.9051213                
0.50358576               3.9032276                
0.5047716                3.9007292                
0.5059575                3.8983634                
0.5059575                3.8983634                
0.5071433                3.8968263                
0.5083292                3.8964787                
0.5095151                3.897296                 
0.51070094               3.899025                 
0.51070094               3.899025                 
0.51188684               3.901297                 
0.51307267               3.9035738                
0.51425856               3.905222                 
0.51425856               3.905222                 
0.51544446               3.9057639                
0.5166303                3.9050903                
0.5178162                3.9034662                
0.519002                 3.9013932                
0.519002                 3.9013932                
0.5201879                3.8993967                
0.5213738                3.8979795                
0.52255964               3.897505                 
0.52374554               3.8980834                
0.52374554               3.8980834                
0.5249314                3.899549                 
0.52611727               3.9015117                
0.5273031                3.9034684                
0.5273031                3.9034684                
0.528489                 3.9049275                
0.5296749                3.9055233                
0.5308607                3.905117                 
0.5308607                3.905117                 
0.5320466                3.903844                 
0.53323245               3.9020865                
0.53441834               3.9003415                
0.53560424               3.899054                 
0.53560424               3.899054                 
0.5367901                3.898515                 
0.53797597               3.8988395                
0.5391618                3.8999615                
0.5403477                3.9016116                
0.5415336                3.9033372                
0.5415336                3.9033372                
0.5427194                3.9046414                
0.5439053                3.9051871                
0.54509115               3.904912                 
0.54627705               3.9039717                
0.54627705               3.9039717                
0.54746294               3.9026158                
0.5486488                3.901143                 
0.54983467               3.8999228                
0.54983467               3.8999228                
0.5510205                3.8993294                
0.5522064                3.899559                 
0.55339223               3.9005134                
0.5545781                3.901867                 
0.5545781                3.901867                 
0.555764                 3.9032433                
0.55694985               3.9043312                
0.55813575               3.9049144                
0.55813575               3.9049144                
0.5593216                3.9048524                
0.5605075                3.9041226                
0.5616934                3.902912                 
0.5628792                3.9016087                
0.5628792                3.9016087                
0.5640651                3.9006069                
0.56525093               3.9001436                
0.5664368                3.900265                 
0.5676227                3.9009068                
0.5676227                3.9009068                
0.56880856               3.901941                 
0.56999445               3.9031422                
0.5711803                3.9041865                
0.5711803                3.9041865                
0.5723662                3.9047837                
0.573552                 3.9047768                
0.5747379                3.9041963                
0.5759238                3.9032261                
0.5759238                3.9032261                
0.57710963               3.902129                 
0.5782955                3.9011898                
0.57948136               3.9006493                
0.57948136               3.9006493                
0.58066726               3.9006443                
0.58185315               3.901171                 
0.583039                 3.902085                 
0.5842249                3.903141                 
0.5842249                3.903141                 
0.5854107                3.9040608                
0.5865966                3.90461                  
0.5877825                3.9046588                
0.58896834               3.9042156                
0.58896834               3.9042156                
0.59015423               3.90342                  
0.59134007               3.9024994                
0.59252596               3.9016967                
0.5937118                3.9012055                
0.5937118                3.9012055                
0.5948977                3.9011385                
0.5960836                3.9015145                
0.5972694                3.9022439                
0.5984553                3.9031274                
0.5984553                3.9031274                
0.59964114               3.9039168                
0.60082704               3.9044018                
0.60201293               3.904485                 
0.60201293               3.904485                 
0.60319877               3.9041812                
0.60438466               3.9035778                
0.6055705                3.902816                 
0.6055705                3.902816                 
0.6067564                3.9020908                
0.6079423                3.9015994                
0.6091281                3.901485                 
0.6091281                3.901485                 
0.610314                 3.9017742                
0.61149985               3.9023726                
0.61268574               3.9031148                
0.61387163               3.9038105                
0.61387163               3.9038105                
0.61505747               3.9042923                
0.61624336               3.9044464                
0.61624336               3.9044464                
0.6186151                3.90372                  
0.6209868                3.9022193                
0.62335855               3.9013145                
0.6257303                3.9020216                
0.6257303                3.9020216                
0.62810206               3.9039512                
0.6304738                3.9054513                
0.6328455                3.905117                 
0.6328455                3.905117                 
0.6349801                3.9033587                
0.6369012                3.9017396                
0.6369012                3.9017396                
0.63851565               3.9009743                
0.6401301                3.901057                 
0.64174455               3.9018943                
0.643359                 3.9031353                
0.643359                 3.9031353                
0.64497346               3.9041533                
0.64619666               3.9045253                
0.64619666               3.9045253                
0.64741987               3.9045424                
0.64864314               3.9042711                
0.64986634               3.9038386                
0.64986634               3.9038386                
0.6523128                3.9031525                
0.65407985               3.9029033                
0.6558469                3.9028876                
0.6558469                3.9028876                
0.65761393               3.9030015                
0.661148                 3.903281                 
0.6646821                3.9034152                
0.6646821                3.9034152                
0.6682161                3.9033754                
0.6717502                3.903328                 
0.6717502                3.903328                 
0.67881835               3.9033787                
0.6858865                3.9034138                
0.6858865                3.9034138                
0.70002276               3.9034522                
0.70002276               3.9034522                
0.7282953                3.903508                 
0.7282953                3.903508                 
0.7848404                3.9035723                
0.7848404                3.9035723                
0.8979306                3.903624                 
0.8979306                3.903624                 
1.124111                 3.9036498                
1.124111                 3.9036498                
1.5764719                3.9036574                
1.5764719                3.9036574                
2.0764718                3.9036582                
2.0764718                3.9036582                
2.5764718                3.9036586                
2.5764718                3.9036586                
3.0764718                3.9036586                
3.5764718                3.9036586                
3.5764718                3.9036586                
4.076472                 3.9036586                
4.076472                 3.9036586                
4.576472                 3.9036586                
4.576472                 3.9036586                
5.0                      3.9036586                
