0.000000	3.3423677079e-02
0.061035	3.1950313630e-02
0.122070	1.6340837034e-02
0.183105	8.1300152479e-03
0.244141	5.8840028648e-03
0.305176	4.8306193147e-03
0.366211	4.9003863061e-03
0.427246	4.2758527073e-03
0.488281	3.7474621124e-03
0.549316	3.3168333097e-03
0.610352	3.5252369109e-03
0.671387	2.8074089239e-03
0.732422	2.9520504991e-03
0.793457	3.1509381886e-03
0.854492	3.4813052563e-03
0.915527	3.0676148622e-03
0.976562	2.9437103210e-03
1.037598	3.2520692787e-03
1.098633	3.1210367977e-03
1.159668	3.5096916372e-03
1.220703	3.5526148073e-03
1.281738	4.0196108898e-03
1.342773	4.1098374775e-03
1.403809	4.0162530101e-03
1.464844	3.3384946632e-03
1.525879	3.1705086370e-03
1.586914	2.5331933345e-03
1.647949	2.3384523081e-03
1.708984	2.4633789558e-03
1.770020	3.1135283783e-03
1.831055	3.1858776899e-03
1.892090	3.4359657771e-03
1.953125	3.5221061002e-03
2.014160	3.4338604210e-03
2.075195	3.2535950431e-03
2.136230	3.4861235418e-03
2.197266	3.5567592066e-03
2.258301	3.3678454790e-03
2.319336	3.0795810538e-03
2.380371	2.9429489830e-03
2.441406	3.0989724466e-03
2.502441	2.9163981390e-03
2.563477	2.9007377854e-03
2.624512	3.8699007632e-03
2.685547	3.5195670108e-03
2.746582	2.9679476395e-03
2.807617	3.4646192345e-03
2.868652	3.1575955709e-03
2.929688	3.0903077945e-03
2.990723	3.2932599918e-03
3.051758	3.2693885080e-03
3.112793	3.3302530782e-03
3.173828	3.6165593897e-03
3.234863	2.9847729684e-03
3.295898	3.1025390006e-03
3.356934	3.2164759848e-03
3.417969	2.6143958770e-03
3.479004	2.3528718390e-03
3.540039	2.0265683911e-03
3.601074	1.9440241757e-03
3.662109	1.7690254009e-03
3.723145	2.3420189564e-03
3.784180	2.3317754166e-03
3.845215	2.8164389874e-03
3.906250	2.8972692056e-03
3.967285	2.8137520998e-03
4.028320	2.6706672652e-03
4.089355	2.7135555273e-03
4.150391	2.4731356781e-03
4.211426	2.2288999861e-03
4.272461	2.2412594307e-03
4.333496	1.8781972951e-03
4.394531	1.9927157870e-03
4.455566	2.3799130490e-03
4.516602	2.3067444108e-03
4.577637	2.5340217769e-03
4.638672	2.7728130917e-03
4.699707	2.7943711630e-03
4.760742	2.2384091194e-03
4.821777	2.7998667877e-03
4.882812	2.7794188861e-03
4.943848	2.8349967240e-03
5.004883	3.0464009301e-03
5.065918	3.3964413259e-03
5.126953	2.9474182275e-03
5.187988	3.0254579016e-03
5.249023	2.7086936009e-03
5.310059	2.3041378697e-03
5.371094	2.5544157186e-03
5.432129	3.3575548427e-03
5.493164	3.9845587574e-03
5.554199	4.2466449090e-03
5.615234	4.2665094583e-03
5.676270	3.6697523568e-03
5.737305	3.1320487046e-03
5.798340	2.4605866276e-03
5.859375	2.5839406684e-03
5.920410	2.7817405283e-03
5.981445	3.2836997028e-03
6.042480	2.6911984754e-03
6.103516	2.9800182307e-03
6.164551	2.5857745251e-03
6.225586	2.6185773160e-03
6.286621	3.0513663247e-03
6.347656	3.3086493137e-03
6.408691	4.0079355903e-03
6.469727	4.2851295277e-03
6.530762	4.4375018414e-03
6.591797	3.8413817624e-03
6.652832	3.9810380604e-03
6.713867	2.9756327969e-03
6.774902	2.6739484196e-03
6.835938	2.4800039667e-03
6.896973	2.2791814684e-03
6.958008	2.3328430888e-03
7.019043	2.3039084912e-03
7.080078	2.7983752700e-03
7.141113	2.6280411057e-03
7.202148	2.5075350702e-03
7.263184	2.5161041769e-03
7.324219	2.3035722563e-03
7.385254	1.6954704590e-03
7.446289	1.9523226566e-03
7.507324	2.2698531395e-03
7.568359	1.8549846459e-03
7.629395	2.3815119692e-03
7.690430	2.7393006006e-03
7.751465	3.7811922455e-03
7.812500	3.7784634056e-03
7.873535	4.3074462418e-03
7.934570	4.2257758477e-03
7.995605	4.4539737510e-03
8.056641	3.4652063661e-03
8.117676	3.6366345924e-03
8.178711	3.2782203629e-03
8.239746	3.0146674277e-03
8.300781	3.2030439874e-03
8.361816	3.8849580464e-03
8.422852	3.3146917597e-03
8.483887	3.9206433456e-03
8.544922	3.9782027883e-03
8.605957	3.9293160909e-03
8.666992	3.0525180040e-03
8.728027	4.1869898866e-03
8.789062	3.7627628042e-03
8.850098	4.0509227577e-03
8.911133	4.0404531189e-03
8.972168	4.1598346630e-03
9.033203	3.3512809457e-03
9.094238	3.4551217101e-03
9.155273	3.4865229393e-03
9.216309	2.7636548196e-03
9.277344	2.5890036040e-03
9.338379	2.7093366329e-03
9.399414	3.0365741085e-03
9.460449	2.6536785859e-03
9.521484	3.9258313572e-03
9.582520	4.2269624154e-03
9.643555	4.2220041438e-03
9.704590	3.6291081879e-03
9.765625	3.7678367744e-03
9.826660	2.6987905194e-03
9.887695	2.4385255957e-03
9.948730	2.6081154072e-03
10.009766	2.5650863504e-03
10.070801	2.9478644942e-03
10.131836	3.0195018962e-03
10.192871	3.2356977849e-03
10.253906	3.1158270916e-03
10.314941	3.1848084504e-03
10.375977	3.6444365748e-03
10.437012	3.4075641529e-03
10.498047	3.5473982435e-03
10.559082	3.4657756271e-03
10.620117	3.9736593257e-03
10.681152	3.5194642913e-03
10.742188	3.5021986001e-03
10.803223	3.5526962672e-03
10.864258	3.1672919250e-03
10.925293	2.9645407034e-03
10.986328	2.9649638097e-03
11.047363	3.4773205387e-03
11.108398	3.1609861003e-03
11.169434	3.5354264659e-03
11.230469	3.5743871964e-03
11.291504	3.6596939643e-03
11.352539	3.6549985578e-03
11.413574	4.3595692605e-03
11.474609	4.5354205870e-03
11.535645	4.2349569558e-03
11.596680	3.9901417281e-03
11.657715	3.6988893386e-03
11.718750	2.8468409864e-03
11.779785	2.6944272377e-03
11.840820	2.5658465647e-03
11.901855	2.1487000355e-03
11.962891	2.0856305758e-03
12.023926	1.8534295005e-03
12.084961	1.7116825712e-03
12.145996	1.7667512712e-03
12.207031	2.0880864910e-03
12.268066	2.2250484830e-03
12.329102	2.7420849027e-03
12.390137	3.0394928829e-03
12.451172	3.2629620548e-03
12.512207	2.9837250881e-03
12.573242	3.7884551642e-03
12.634277	3.5329364051e-03
12.695312	3.3134538156e-03
12.756348	3.3313026912e-03
12.817383	3.7755305091e-03
12.878418	3.1577974774e-03
12.939453	3.4138201667e-03
13.000488	3.1630597383e-03
13.061523	3.5025971030e-03
13.122559	3.1137720519e-03
13.183594	2.8820742562e-03
13.244629	2.9820125043e-03
13.305664	2.9447275306e-03
13.366699	2.6163817202e-03
13.427734	2.5951488033e-03
13.488770	2.6141088346e-03
13.549805	2.3156976453e-03
13.610840	2.5598438009e-03
13.671875	2.4018458046e-03
13.732910	2.3510846791e-03
13.793945	2.3064392814e-03
13.854980	2.4858189200e-03
13.916016	2.4376424314e-03
13.977051	2.2014904678e-03
14.038086	2.0294479686e-03
14.099121	2.0309646217e-03
14.160156	1.7517934595e-03
14.221191	2.0484008210e-03
14.282227	2.2058346452e-03
14.343262	2.5802625617e-03
14.404297	3.2407354380e-03
14.465332	3.8784086765e-03
14.526367	4.2905621102e-03
14.587402	4.5213263870e-03
14.648438	4.1651295367e-03
14.709473	3.3529498755e-03
14.770508	2.5159271206e-03
14.831543	1.6413219219e-03
14.892578	1.5604983621e-03
14.953613	1.6138889064e-03
15.014648	2.1043077464e-03
15.075684	2.4267187568e-03
15.136719	2.6733343490e-03
15.197754	3.0208064256e-03
15.258789	2.9684111447e-03
15.319824	3.1003339187e-03
15.380859	3.2463275804e-03
15.441895	3.2348656104e-03
15.502930	2.5541563312e-03
15.563965	2.7211518395e-03
15.625000	2.6239214426e-03
15.686035	3.4696288260e-03
15.747070	3.7736833608e-03
15.808105	4.1280448574e-03
15.869141	4.3039513521e-03
15.930176	4.3410217423e-03
15.991211	3.8148837451e-03
16.052246	3.5127136547e-03
16.113281	3.7434235045e-03
16.174316	3.7047405236e-03
16.235352	3.4554028992e-03
16.296387	2.9822446575e-03
16.357422	2.9342212488e-03
16.418457	2.5211549827e-03
16.479492	2.5759444710e-03
16.540527	2.5795599762e-03
16.601562	2.3302500359e-03
16.662598	2.6554866242e-03
16.723633	2.5359803611e-03
16.784668	2.4282711800e-03
16.845703	3.2312253870e-03
16.906738	3.7652359596e-03
16.967773	3.5238026491e-03
17.028809	3.8373128208e-03
17.089844	3.5887677443e-03
17.150879	2.5964014753e-03
17.211914	2.5772345297e-03
17.272949	2.4264758197e-03
17.333984	2.0607001514e-03
17.395020	2.5976026603e-03
17.456055	2.9961272820e-03
17.517090	2.4489783994e-03
17.578125	2.6856958560e-03
17.639160	2.8761367061e-03
17.700195	2.8550404779e-03
17.761230	2.7625735088e-03
17.822266	3.2495190685e-03
17.883301	3.2044801918e-03
17.944336	3.1897712878e-03
18.005371	3.6446739305e-03
18.066406	3.4027341510e-03
18.127441	3.9597271912e-03
18.188477	4.5530155073e-03
18.249512	4.6199757220e-03
18.310547	4.2188497196e-03
18.371582	4.3512851339e-03
18.432617	4.0402568565e-03
18.493652	3.4204226377e-03
18.554688	3.6521876284e-03
18.615723	3.3341192320e-03
18.676758	3.1210970722e-03
18.737793	3.0173835657e-03
18.798828	2.8973691301e-03
18.859863	2.8876199987e-03
18.920898	3.1034116975e-03
18.981934	3.3170590855e-03
19.042969	3.0741186624e-03
19.104004	3.2920584759e-03
19.165039	3.1944445108e-03
19.226074	3.6881434848e-03
19.287109	3.3780962638e-03
19.348145	3.6789105990e-03
19.409180	3.8627281468e-03
19.470215	3.8588963112e-03
19.531250	3.0394360052e-03
19.592285	3.1488772085e-03
19.653320	2.6050761564e-03
19.714355	2.3743674624e-03
19.775391	2.3001812990e-03
19.836426	2.4185007909e-03
19.897461	2.3357111013e-03
19.958496	2.7390706032e-03
20.019531	2.6223041967e-03
20.080566	2.5533263107e-03
20.141602	2.4832079797e-03
20.202637	2.5617604536e-03
20.263672	2.4733872565e-03
20.324707	3.0267547552e-03
20.385742	3.4594053413e-03
20.446777	3.2946743267e-03
20.507812	3.8419444011e-03
20.568848	4.0856830023e-03
20.629883	3.3724669536e-03
20.690918	3.3682828779e-03
20.751953	3.3076807475e-03
20.812988	3.3453080186e-03
20.874023	2.8736390064e-03
20.935059	3.4928428504e-03
20.996094	3.2286513801e-03
21.057129	3.2946988242e-03
21.118164	3.0835752869e-03
21.179199	3.3916082516e-03
21.240234	2.7666950957e-03
21.301270	2.8129602853e-03
21.362305	3.3483628251e-03
21.423340	3.0741965745e-03
21.484375	2.7693170939e-03
21.545410	3.2526498004e-03
21.606445	2.8999509055e-03
21.667480	2.7066223692e-03
21.728516	2.8446263340e-03
21.789551	3.1605231322e-03
21.850586	3.2847221436e-03
21.911621	3.3862173488e-03
21.972656	3.2868239067e-03
22.033691	2.9663990835e-03
22.094727	2.8405562914e-03
22.155762	3.0804684958e-03
22.216797	3.7267314542e-03
22.277832	3.7403689373e-03
22.338867	3.6269766703e-03
22.399902	4.0387642007e-03
22.460938	3.2249596074e-03
22.521973	2.6836174186e-03
22.583008	2.4221200710e-03
22.644043	2.8107429246e-03
22.705078	2.3087494585e-03
22.766113	2.4983215720e-03
22.827148	2.6708873794e-03
22.888184	2.8292170273e-03
22.949219	3.6243525721e-03
23.010254	3.4206919071e-03
23.071289	3.2628469864e-03
23.132324	3.3802216628e-03
23.193359	3.4406757764e-03
23.254395	2.5155506633e-03
23.315430	2.9101475966e-03
23.376465	3.0169472629e-03
23.437500	2.6734114367e-03
23.498535	2.6252580342e-03
23.559570	2.5358456754e-03
23.620605	2.7266381760e-03
23.681641	3.4691674139e-03
23.742676	3.5867435966e-03
23.803711	4.3100423388e-03
23.864746	4.4686021016e-03
23.925781	4.2933571061e-03
23.986816	3.7790628838e-03
24.047852	3.5901237949e-03
24.108887	3.3337899031e-03
24.169922	3.5270513875e-03
24.230957	3.2036144997e-03
24.291992	3.0428108215e-03
24.353027	3.2326264637e-03
24.414062	3.1862192553e-03
24.475098	3.8029550203e-03
24.536133	4.0436809531e-03
24.597168	4.0461451814e-03
24.658203	4.0416427520e-03
24.719238	3.7707095551e-03
24.780273	2.9620020070e-03
24.841309	2.7566176667e-03
24.902344	2.4796918811e-03
24.963379	2.8357448413e-03
25.024414	2.8545167942e-03
25.085449	2.6089633381e-03
25.146484	3.0157307556e-03
25.207520	3.4793461294e-03
25.268555	2.7705943175e-03
25.329590	3.1240326767e-03
25.390625	3.3934481555e-03
25.451660	3.0649381708e-03
25.512695	3.6153943218e-03
25.573730	3.8053923408e-03
25.634766	3.4342088846e-03
25.695801	3.7542259380e-03
25.756836	3.5336480195e-03
25.817871	3.3285344009e-03
25.878906	3.3025114590e-03
25.939941	3.2455212841e-03
26.000977	3.0244365293e-03
26.062012	3.1399952003e-03
26.123047	2.4502986717e-03
26.184082	2.4215780769e-03
26.245117	2.6080049441e-03
26.306152	2.3880896422e-03
26.367188	2.5996986045e-03
26.428223	2.4440999677e-03
26.489258	2.6354731997e-03
26.550293	2.7403684558e-03
26.611328	2.7352001815e-03
26.672363	3.0729236218e-03
26.733398	3.1486017603e-03
26.794434	3.3384021373e-03
26.855469	3.1971747053e-03
26.916504	3.4736983073e-03
26.977539	2.9009685558e-03
27.038574	3.2217026746e-03
27.099609	2.8867010867e-03
27.160645	2.4358808178e-03
27.221680	2.2190948917e-03
27.282715	2.5051260891e-03
27.343750	2.3947421783e-03
27.404785	3.1309421375e-03
27.465820	3.6694503791e-03
27.526855	3.5963531822e-03
27.587891	3.4749235314e-03
27.648926	3.2669130307e-03
27.709961	2.8302988047e-03
27.770996	3.3576968355e-03
27.832031	3.6617241607e-03
27.893066	3.4566984736e-03
27.954102	3.9844277239e-03
28.015137	4.3452847427e-03
28.076172	3.8585474668e-03
28.137207	3.5265114187e-03
28.198242	3.9557860708e-03
28.259277	5.0008336608e-03
28.320312	4.3607251647e-03
28.381348	4.7166982055e-03
28.442383	4.9683931914e-03
28.503418	4.7374082700e-03
28.564453	3.7359770430e-03
28.625488	3.8822432677e-03
28.686523	3.4514107618e-03
28.747559	3.5014601792e-03
28.808594	3.2884013224e-03
28.869629	3.4121825098e-03
28.930664	3.7895727863e-03
28.991699	3.8396348790e-03
29.052734	3.3561701304e-03
29.113770	3.7559739092e-03
29.174805	3.4145731219e-03
29.235840	3.0587045571e-03
29.296875	3.0157492656e-03
29.357910	3.5286231579e-03
29.418945	3.3069356951e-03
29.479980	3.5827462526e-03
29.541016	3.7849726153e-03
29.602051	4.1778971241e-03
29.663086	3.8145343289e-03
29.724121	3.9068317962e-03
29.785156	3.2747518661e-03
29.846191	2.8866292399e-03
29.907227	2.3144252178e-03
29.968262	2.8796903701e-03
30.029297	2.7482558901e-03
30.090332	3.2285470742e-03
30.151367	3.5896735796e-03
30.212402	3.3056266839e-03
30.273438	2.9236328143e-03
30.334473	3.1128502118e-03
30.395508	2.6780914984e-03
30.456543	3.1351549415e-03
30.517578	3.7911751485e-03
30.578613	3.9600133338e-03
30.639648	3.8340160051e-03
30.700684	4.2182636288e-03
30.761719	3.4234875658e-03
30.822754	2.7251803941e-03
30.883789	2.6633431259e-03
30.944824	2.6203058762e-03
31.005859	2.3858537644e-03
31.066895	2.2495012186e-03
31.127930	3.5654311583e-03
31.188965	3.3967097201e-03
31.250000	3.3805581062e-03
31.311035	3.8566367712e-03
31.372070	4.5572110050e-03
31.433105	3.8482215309e-03
31.494141	3.9831925384e-03
31.555176	4.2012158619e-03
31.616211	3.5794652046e-03
31.677246	3.4825171313e-03
31.738281	3.0793664728e-03
31.799316	3.5308545691e-03
31.860352	3.1554084970e-03
31.921387	3.4490529638e-03
31.982422	3.3452075460e-03
32.043457	4.2154550949e-03
32.104492	3.8321706708e-03
32.165527	4.4411713496e-03
32.226562	4.2329803853e-03
32.287598	4.6254893579e-03
32.348633	3.9490142186e-03
32.409668	3.6717082448e-03
32.470703	3.0028971861e-03
32.531738	2.9771343944e-03
32.592773	2.1047767346e-03
32.653809	2.2096456994e-03
32.714844	2.1954141465e-03
32.775879	2.3317498792e-03
32.836914	2.5261955074e-03
32.897949	2.6917866136e-03
32.958984	2.3617874233e-03
33.020020	2.2414399469e-03
33.081055	2.4313272923e-03
33.142090	2.2053699164e-03
33.203125	2.0661146045e-03
33.264160	2.1710527790e-03
33.325195	2.9300715900e-03
33.386230	3.0131963163e-03
33.447266	2.9980994158e-03
33.508301	3.0947410562e-03
33.569336	2.8728897762e-03
33.630371	2.3812530308e-03
33.691406	2.5102113016e-03
33.752441	2.9712228290e-03
33.813477	4.1360287079e-03
33.874512	4.3447032339e-03
33.935547	4.1557877277e-03
33.996582	3.6114771512e-03
34.057617	3.1942331904e-03
34.118652	3.0034923806e-03
34.179688	3.3622778720e-03
34.240723	3.4814528112e-03
34.301758	4.0598661285e-03
34.362793	4.8711587464e-03
34.423828	4.1729349835e-03
34.484863	3.9945983133e-03
34.545898	4.2011981126e-03
34.606934	3.8732117108e-03
34.667969	3.0809352132e-03
34.729004	2.7263587692e-03
34.790039	2.2679711052e-03
34.851074	2.9510989757e-03
34.912109	3.2639840124e-03
34.973145	3.4242256748e-03
35.034180	3.8468046737e-03
35.095215	3.7572267930e-03
35.156250	3.0803557063e-03
35.217285	2.5726998056e-03
35.278320	2.3295441626e-03
35.339355	1.8973260866e-03
35.400391	2.1170602354e-03
35.461426	2.2825077745e-03
35.522461	2.2953184401e-03
35.583496	2.9346260874e-03
35.644531	2.9540121177e-03
35.705566	3.4081916854e-03
35.766602	3.1221113311e-03
35.827637	3.8777879447e-03
35.888672	3.8188117463e-03
35.949707	3.9357652301e-03
36.010742	4.0931186282e-03
36.071777	4.1233292015e-03
36.132812	3.3779006176e-03
36.193848	3.0948160385e-03
36.254883	3.4737392515e-03
36.315918	3.7625222840e-03
36.376953	3.6721972588e-03
36.437988	3.8942362883e-03
36.499023	3.9949323812e-03
36.560059	3.5929173007e-03
36.621094	2.6568866954e-03
36.682129	2.6434082328e-03
36.743164	2.6960255369e-03
36.804199	2.7942311957e-03
36.865234	2.7503419885e-03
36.926270	3.0911749925e-03
36.987305	3.9085194943e-03
37.048340	4.0263443179e-03
37.109375	3.9881323166e-03
37.170410	3.9045361988e-03
37.231445	3.8218121972e-03
37.292480	2.7919896466e-03
37.353516	2.3285704973e-03
37.414551	1.6812218366e-03
37.475586	1.7561187753e-03
37.536621	1.6859027871e-03
37.597656	2.2260648722e-03
37.658691	2.5511008235e-03
37.719727	2.7584030403e-03
37.780762	3.2340210425e-03
37.841797	3.6460047100e-03
37.902832	3.8059200199e-03
37.963867	3.8928597320e-03
38.024902	3.8366359667e-03
38.085938	3.7865383721e-03
38.146973	4.8240046402e-03
38.208008	4.0255994672e-03
38.269043	4.0192683140e-03
38.330078	4.0710208928e-03
38.391113	3.8423094267e-03
38.452148	2.6206332566e-03
38.513184	3.5483079289e-03
38.574219	3.6221574018e-03
38.635254	3.8140206314e-03
38.696289	3.8840293489e-03
38.757324	4.0000774217e-03
38.818359	3.9209166002e-03
38.879395	3.5402305109e-03
38.940430	3.2888326199e-03
39.001465	3.5622971414e-03
39.062500	3.0961923747e-03
39.123535	3.0694072236e-03
39.184570	3.0426443985e-03
39.245605	3.6665926903e-03
39.306641	3.1559279879e-03
39.367676	3.1660154839e-03
39.428711	2.7226164619e-03
39.489746	2.7630983131e-03
39.550781	2.3949219347e-03
39.611816	2.9030206242e-03
39.672852	2.8236044550e-03
39.733887	3.3599894314e-03
39.794922	3.6094473170e-03
39.855957	3.5335455146e-03
39.916992	3.1519745761e-03
39.978027	3.5764363286e-03
40.039062	3.1979207162e-03
40.100098	3.1791849794e-03
40.161133	3.1013389573e-03
40.222168	2.8779424771e-03
40.283203	2.9006174977e-03
40.344238	3.0091925891e-03
40.405273	3.1783388591e-03
40.466309	2.9961365191e-03
40.527344	3.7146395934e-03
40.588379	3.4978822513e-03
40.649414	3.1316763764e-03
40.710449	2.6821101200e-03
40.771484	2.6265242848e-03
40.832520	2.3255782156e-03
40.893555	2.4381925642e-03
40.954590	2.4466957645e-03
41.015625	2.3688900823e-03
41.076660	3.1777945692e-03
41.137695	3.1104831876e-03
41.198730	2.8114623369e-03
41.259766	3.1199432845e-03
41.320801	3.6135315428e-03
41.381836	2.9482520679e-03
41.442871	3.5133013889e-03
41.503906	3.9139071875e-03
41.564941	3.3735536387e-03
41.625977	3.3092698000e-03
41.687012	3.4451259825e-03
41.748047	2.8193396826e-03
41.809082	2.9945663095e-03
41.870117	3.2158981695e-03
41.931152	3.3155459935e-03
41.992188	3.2927369848e-03
42.053223	3.1417788550e-03
42.114258	2.5218632651e-03
42.175293	2.6124610379e-03
42.236328	2.0453136361e-03
42.297363	2.1008070404e-03
42.358398	2.0994031004e-03
42.419434	2.1899933396e-03
42.480469	1.8742693586e-03
42.541504	2.2504661375e-03
42.602539	2.1807152351e-03
42.663574	2.4227895028e-03
42.724609	2.2307339278e-03
42.785645	2.8342845274e-03
42.846680	2.6417137215e-03
42.907715	3.0542830639e-03
42.968750	3.5856275252e-03
43.029785	5.1135779639e-03
43.090820	4.6171543003e-03
43.151855	4.8347632420e-03
43.212891	5.0442235282e-03
43.273926	4.4681974555e-03
43.334961	3.6087765381e-03
43.395996	4.2724827665e-03
43.457031	4.4449464633e-03
43.518066	4.4104212434e-03
43.579102	4.8875775597e-03
43.640137	4.4094519631e-03
43.701172	3.9882609828e-03
43.762207	3.6386859338e-03
43.823242	2.9103532652e-03
43.884277	2.2519779282e-03
43.945312	2.5309607889e-03
44.006348	2.8405273245e-03
44.067383	3.0783873342e-03
44.128418	3.7280472391e-03
44.189453	4.1664520121e-03
44.250488	4.2300285880e-03
44.311523	4.0305509542e-03
44.372559	3.7533344012e-03
44.433594	3.4454320913e-03
44.494629	3.4930039025e-03
44.555664	3.0467453057e-03
44.616699	3.1233844022e-03
44.677734	3.4632022025e-03
44.738770	3.0291106797e-03
44.799805	2.8580967263e-03
44.860840	3.9635052306e-03
44.921875	3.6120705334e-03
44.982910	3.1783407574e-03
45.043945	3.7369018639e-03
45.104980	3.7295114489e-03
45.166016	2.5917963227e-03
45.227051	3.5997656844e-03
45.288086	3.8578652763e-03
45.349121	4.0584197197e-03
45.410156	3.5950033706e-03
45.471191	4.6661737983e-03
45.532227	4.0432448065e-03
45.593262	4.0900483906e-03
45.654297	3.7284118078e-03
45.715332	3.8699880907e-03
45.776367	2.9037158308e-03
45.837402	2.4815576103e-03
45.898438	2.5594209107e-03
45.959473	2.3611964929e-03
46.020508	2.7827907548e-03
46.081543	4.2000925035e-03
46.142578	4.0622183454e-03
46.203613	4.1832140281e-03
46.264648	4.7246645918e-03
46.325684	3.9738991727e-03
46.386719	2.9392143239e-03
46.447754	2.8656367996e-03
46.508789	2.5487125703e-03
46.569824	2.3119887109e-03
46.630859	2.6022452905e-03
46.691895	2.4594392571e-03
46.752930	2.7382657174e-03
46.813965	2.8235152831e-03
46.875000	2.8896939950e-03
46.936035	2.9545165255e-03
46.997070	3.3134697158e-03
47.058105	3.8604008453e-03
47.119141	4.5687412162e-03
47.180176	4.7907800460e-03
47.241211	4.8733395824e-03
47.302246	4.8414660834e-03
47.363281	3.9669705018e-03
47.424316	3.4452791841e-03
47.485352	2.9304049090e-03
47.546387	2.6841426148e-03
47.607422	2.2148270292e-03
47.668457	3.1000046484e-03
47.729492	2.9399359622e-03
47.790527	3.2146028530e-03
47.851562	4.0325201531e-03
47.912598	4.2114579513e-03
47.973633	3.4973539237e-03
48.034668	3.7675399806e-03
48.095703	3.7892398905e-03
48.156738	3.2512484668e-03
48.217773	3.1134227151e-03
48.278809	3.4939737182e-03
48.339844	2.9806830449e-03
48.400879	3.0150544996e-03
48.461914	3.4563499258e-03
48.522949	3.8753787340e-03
48.583984	4.2681292679e-03
48.645020	4.2211155434e-03
48.706055	3.6609535428e-03
48.767090	3.3644038054e-03
48.828125	3.5031865290e-03
48.889160	3.7394423679e-03
48.950195	4.3641496170e-03
49.011230	4.7691124072e-03
49.072266	5.7912451999e-03
49.133301	6.1243707691e-03
49.194336	5.8475568506e-03
49.255371	5.6535358896e-03
49.316406	6.1110969180e-03
49.377441	5.2396713765e-03
49.438477	6.0141232820e-03
49.499512	6.1772341340e-03
49.560547	7.2431823485e-03
49.621582	9.3232044860e-03
49.682617	1.7676691994e-02
49.743652	1.1687578727e-01
49.804688	2.1879246998e-01
49.865723	2.2310475913e-01
49.926758	2.2118684021e-01
49.987793	2.1311964960e-01
50.048828	1.1363714263e-01
50.109863	1.1116457212e-02
50.170898	5.9990250630e-03
50.231934	5.6282629375e-03
50.292969	4.9090207246e-03
50.354004	3.5763150575e-03
50.415039	3.5647863123e-03
50.476074	3.6796868974e-03
50.537109	3.8276407869e-03
50.598145	3.6501548718e-03
50.659180	3.9279852084e-03
50.720215	4.1287773696e-03
50.781250	3.8239951797e-03
50.842285	3.2017956856e-03
50.903320	3.4223911458e-03
50.964355	2.7327237858e-03
51.025391	2.6015290962e-03
51.086426	2.3757636912e-03
51.147461	2.5863619735e-03
51.208496	2.5935300220e-03
51.269531	2.8428203526e-03
51.330566	2.8222832556e-03
51.391602	2.4564055623e-03
51.452637	2.6935047907e-03
51.513672	2.8386776611e-03
51.574707	3.3785298563e-03
51.635742	3.4548460678e-03
51.696777	3.8134296793e-03
51.757812	3.2504500286e-03
51.818848	3.1071879087e-03
51.879883	3.0281165769e-03
51.940918	2.7569215031e-03
52.001953	2.9720755671e-03
52.062988	3.3427479659e-03
52.124023	3.3922244749e-03
52.185059	3.6640366349e-03
52.246094	4.3199988705e-03
52.307129	5.3257741988e-03
52.368164	5.4019784411e-03
52.429199	5.6059215027e-03
52.490234	4.9466141351e-03
52.551270	4.4027225191e-03
52.612305	3.4766385082e-03
52.673340	3.8754137896e-03
52.734375	3.4210147417e-03
52.795410	3.4703880922e-03
52.856445	3.4590377417e-03
52.917480	3.0241744848e-03
52.978516	2.2684056377e-03
53.039551	2.6065593568e-03
53.100586	3.0133669051e-03
53.161621	3.1704811377e-03
53.222656	3.7027471948e-03
53.283691	3.5899216748e-03
53.344727	4.3051682948e-03
53.405762	4.0099683313e-03
53.466797	3.8818247638e-03
53.527832	3.4045271440e-03
53.588867	3.2855725884e-03
53.649902	2.4200018389e-03
53.710938	2.0877659948e-03
53.771973	3.3212997980e-03
53.833008	3.6005900781e-03
53.894043	4.1391506717e-03
53.955078	4.5076358972e-03
54.016113	4.4203190853e-03
54.077148	3.4597064888e-03
54.138184	2.9904316819e-03
54.199219	3.1531370213e-03
54.260254	3.0370241092e-03
54.321289	3.4531742446e-03
54.382324	3.3044613580e-03
54.443359	3.3809455066e-03
54.504395	2.8351580161e-03
54.565430	2.9483691607e-03
54.626465	3.0097534296e-03
54.687500	3.0266908519e-03
54.748535	3.0945833244e-03
54.809570	3.6080471893e-03
54.870605	3.7422658431e-03
54.931641	3.6197009986e-03
54.992676	3.4060138511e-03
55.053711	3.8545786914e-03
55.114746	3.5010077949e-03
55.175781	2.7831089481e-03
55.236816	2.7622816667e-03
55.297852	2.6134016661e-03
55.358887	2.3014209470e-03
55.419922	2.4477134021e-03
55.480957	2.3838777801e-03
55.541992	2.3283612826e-03
55.603027	2.6508382505e-03
55.664062	2.4023965833e-03
55.725098	2.2280995383e-03
55.786133	2.1948629831e-03
55.847168	2.4570139946e-03
55.908203	2.4870315172e-03
55.969238	3.2058690658e-03
56.030273	3.5863336368e-03
56.091309	3.9919164520e-03
56.152344	4.0760269841e-03
56.213379	3.6932969391e-03
56.274414	3.4826266302e-03
56.335449	2.8830779920e-03
56.396484	3.4128226445e-03
56.457520	3.3220500361e-03
56.518555	3.4019120436e-03
56.579590	3.2911784881e-03
56.640625	3.7224360558e-03
56.701660	3.3720462101e-03
56.762695	3.5012383771e-03
56.823730	3.5347117982e-03
56.884766	3.2345175898e-03
56.945801	3.4135076036e-03
57.006836	3.1257845822e-03
57.067871	2.9627722826e-03
57.128906	2.8846228583e-03
57.189941	3.0630497229e-03
57.250977	2.9657472826e-03
57.312012	2.8698958632e-03
57.373047	2.6242587515e-03
57.434082	2.7568982347e-03
57.495117	2.5831532908e-03
57.556152	2.4194702615e-03
57.617188	2.5029955527e-03
57.678223	3.3399018901e-03
57.739258	3.1022022812e-03
57.800293	3.0608872388e-03
57.861328	2.6334467652e-03
57.922363	2.6633292230e-03
57.983398	2.0382670122e-03
58.044434	2.5733223407e-03
58.105469	3.5719305943e-03
58.166504	3.6965690580e-03
58.227539	3.8801739023e-03
58.288574	3.7213379907e-03
58.349609	3.4582188298e-03
58.410645	2.9472670023e-03
58.471680	2.9316990759e-03
58.532715	2.6893592417e-03
58.593750	2.4411029224e-03
58.654785	2.3291146977e-03
58.715820	2.1439931140e-03
58.776855	2.6351665414e-03
58.837891	2.8272970463e-03
58.898926	3.0746101002e-03
58.959961	3.2587019704e-03
59.020996	2.9207999249e-03
59.082031	2.6664381891e-03
59.143066	2.5767186462e-03
59.204102	2.7198135971e-03
59.265137	3.3727613498e-03
59.326172	3.5021749003e-03
59.387207	3.4792435278e-03
59.448242	3.5783717484e-03
59.509277	3.8341995882e-03
59.570312	3.0716525401e-03
59.631348	3.6702658278e-03
59.692383	3.6048758010e-03
59.753418	3.6721312531e-03
59.814453	3.3246687222e-03
59.875488	3.5387611460e-03
59.936523	3.4253198962e-03
59.997559	3.7119824192e-03
60.058594	3.8928181791e-03
60.119629	3.4460279379e-03
60.180664	2.8511732655e-03
60.241699	2.9651861970e-03
60.302734	2.6341426606e-03
60.363770	2.4536848877e-03
60.424805	2.6963980558e-03
60.485840	3.3576863369e-03
60.546875	2.7371285121e-03
60.607910	3.2544226786e-03
60.668945	4.3731643299e-03
60.729980	4.9623443404e-03
60.791016	4.9737335097e-03
60.852051	5.3091299094e-03
60.913086	5.1298342572e-03
60.974121	3.8354399343e-03
61.035156	3.7716332934e-03
61.096191	3.6348102803e-03
61.157227	3.0880657896e-03
61.218262	3.1494692248e-03
61.279297	2.7803155152e-03
61.340332	2.5796438719e-03
61.401367	2.2270901026e-03
61.462402	3.5069176662e-03
61.523438	3.3589277556e-03
61.584473	3.8200243017e-03
61.645508	3.6673826156e-03
61.706543	4.1487169333e-03
61.767578	2.9400728891e-03
61.828613	2.7861072584e-03
61.889648	2.2654602561e-03
61.950684	2.5891487405e-03
62.011719	2.4817592730e-03
62.072754	2.7880654240e-03
62.133789	3.2743056733e-03
62.194824	3.4161439151e-03
62.255859	2.9044292729e-03
62.316895	2.8501451860e-03
62.377930	2.7332770439e-03
62.438965	2.3910503170e-03
62.500000	2.4396029353e-03
62.561035	2.4253548418e-03
62.622070	3.0958951540e-03
62.683105	3.3786429608e-03
62.744141	2.9948521460e-03
62.805176	3.4789924137e-03
62.866211	3.7057895540e-03
62.927246	2.6400345442e-03
62.988281	2.1968719027e-03
63.049316	3.8214230617e-03
63.110352	3.9838720053e-03
63.171387	4.3170248547e-03
63.232422	4.8516866014e-03
63.293457	4.9426477475e-03
63.354492	3.9147257015e-03
63.415527	3.3652269505e-03
63.476562	2.9980272121e-03
63.537598	2.5504755432e-03
63.598633	2.3019008001e-03
63.659668	2.1662700549e-03
63.720703	2.0148080426e-03
63.781738	1.9394211057e-03
63.842773	2.1971896800e-03
63.903809	3.0507143519e-03
63.964844	3.0368352094e-03
64.025879	3.4294959199e-03
64.086914	3.5369712492e-03
64.147949	4.2791897321e-03
64.208984	4.4422215094e-03
64.270020	4.5692955251e-03
64.331055	4.6768793097e-03
64.392090	5.6866196307e-03
64.453125	5.7170026842e-03
64.514160	5.2818695907e-03
64.575195	5.0551002350e-03
64.636230	4.7363579901e-03
64.697266	4.3079329144e-03
64.758301	3.5328074687e-03
64.819336	3.1204263052e-03
64.880371	3.1506843379e-03
64.941406	3.6319727103e-03
65.002441	3.1891548345e-03
65.063477	3.4348196176e-03
65.124512	3.7776501449e-03
65.185547	3.9954619353e-03
65.246582	4.4420600564e-03
65.307617	4.2028254926e-03
65.368652	3.6014995475e-03
65.429688	3.3241281342e-03
65.490723	3.8643144324e-03
65.551758	2.7945754024e-03
65.612793	2.9242449247e-03
65.673828	3.6720214817e-03
65.734863	3.5944299662e-03
65.795898	2.7385201373e-03
65.856934	3.2472351445e-03
65.917969	3.2130920914e-03
65.979004	2.4346682891e-03
66.040039	2.7717277774e-03
66.101074	2.4793102639e-03
66.162109	2.6094979891e-03
66.223145	2.5408094153e-03
66.284180	2.7386809454e-03
66.345215	2.5778125339e-03
66.406250	2.8726458622e-03
66.467285	2.4123617886e-03
66.528320	2.6124804296e-03
66.589355	3.1568556992e-03
66.650391	3.1415530035e-03
66.711426	3.3250626328e-03
66.772461	3.2760708276e-03
66.833496	2.7525500646e-03
66.894531	3.0457596477e-03
66.955566	4.2009655680e-03
67.016602	4.2017662263e-03
67.077637	4.2960060668e-03
67.138672	4.5761994262e-03
67.199707	4.7243544639e-03
67.260742	3.6738822912e-03
67.321777	4.4975164095e-03
67.382812	4.5232859000e-03
67.443848	4.5523377898e-03
67.504883	3.7537773477e-03
67.565918	4.1006059900e-03
67.626953	3.0004754840e-03
67.687988	2.9167119457e-03
67.749023	2.7178165544e-03
67.810059	2.9799697350e-03
67.871094	2.4591798626e-03
67.932129	2.4878223286e-03
67.993164	2.5299301297e-03
68.054199	3.6267111201e-03
68.115234	3.5077655683e-03
68.176270	4.0797831146e-03
68.237305	4.0976656812e-03
68.298340	3.8150058353e-03
68.359375	2.8189511768e-03
68.420410	2.6990981347e-03
68.481445	2.4622655654e-03
68.542480	2.6399636259e-03
68.603516	3.7426818125e-03
68.664551	3.8708439995e-03
68.725586	4.2081935301e-03
68.786621	4.8399891596e-03
68.847656	4.7697292786e-03
68.908691	4.4785614793e-03
68.969727	4.4248249974e-03
69.030762	4.4741958715e-03
69.091797	3.7001991390e-03
69.152832	3.3887367283e-03
69.213867	3.4068797423e-03
69.274902	3.4345489505e-03
69.335938	4.1803466031e-03
69.396973	4.3155678741e-03
69.458008	5.1355868187e-03
69.519043	4.5501638272e-03
69.580078	4.3462006221e-03
69.641113	3.7810121729e-03
69.702148	3.6148113255e-03
69.763184	3.4585038082e-03
69.824219	3.8717972965e-03
69.885254	4.3245868837e-03
69.946289	3.8506446076e-03
70.007324	3.6410285321e-03
70.068359	3.8168347229e-03
70.129395	3.6587749817e-03
70.190430	3.3940160685e-03
70.251465	3.5101029585e-03
70.312500	3.6417828402e-03
70.373535	2.9931140525e-03
70.434570	3.2400091358e-03
70.495605	3.1641447482e-03
70.556641	3.3096170626e-03
70.617676	3.4652578311e-03
70.678711	4.7222022712e-03
70.739746	4.7891360208e-03
70.800781	5.9178825947e-03
70.861816	5.7596181393e-03
70.922852	5.5576552431e-03
70.983887	4.6466677348e-03
71.044922	3.9643745456e-03
71.105957	2.9590231963e-03
71.166992	2.8786991996e-03
71.228027	3.0727480347e-03
71.289062	2.9830652671e-03
71.350098	3.4475250241e-03
71.411133	3.1802848113e-03
71.472168	3.2609267076e-03
71.533203	3.1861334583e-03
71.594238	3.2268422886e-03
71.655273	2.5953374464e-03
71.716309	2.8754820379e-03
71.777344	2.4243750684e-03
71.838379	2.1589006221e-03
71.899414	2.6041275160e-03
71.960449	3.0339185893e-03
72.021484	3.0590625027e-03
72.082520	3.5507562955e-03
72.143555	4.2580671875e-03
72.204590	3.9093002474e-03
72.265625	3.6082949757e-03
72.326660	3.4892180085e-03
72.387695	3.2805371806e-03
72.448730	3.9535019217e-03
72.509766	3.5640705450e-03
72.570801	3.9786366040e-03
72.631836	4.7057739100e-03
72.692871	5.3214619483e-03
72.753906	4.0293910572e-03
72.814941	4.6743189692e-03
72.875977	4.4919021481e-03
72.937012	4.2846142637e-03
72.998047	3.7996809261e-03
73.059082	3.6915687424e-03
73.120117	3.2080101590e-03
73.181152	2.9739098085e-03
73.242188	2.5796062895e-03
73.303223	2.5029817468e-03
73.364258	2.6352509889e-03
73.425293	3.5344503837e-03
73.486328	4.1268327317e-03
73.547363	4.0306661646e-03
73.608398	4.2045563640e-03
73.669434	4.3595448290e-03
73.730469	3.4703565234e-03
73.791504	3.8209455707e-03
73.852539	4.1265316598e-03
73.913574	4.0378264503e-03
73.974609	4.2242809445e-03
74.035645	4.5931367478e-03
74.096680	3.6901168787e-03
74.157715	4.1844114023e-03
74.218750	3.8809192048e-03
74.279785	3.7201355241e-03
74.340820	3.5524453377e-03
74.401855	3.6045632066e-03
74.462891	2.8131714740e-03
74.523926	3.1788798262e-03
74.584961	3.5595473472e-03
74.645996	3.2869201870e-03
74.707031	3.3945921607e-03
74.768066	3.4337009292e-03
74.829102	4.0419620633e-03
74.890137	3.6212822127e-03
74.951172	4.2627346156e-03
75.012207	4.6018985700e-03
75.073242	4.8929230964e-03
75.134277	3.6031258518e-03
75.195312	3.8271577430e-03
75.256348	3.7719927105e-03
75.317383	3.4493349868e-03
75.378418	4.1647387359e-03
75.439453	4.9765773100e-03
75.500488	4.8675949299e-03
75.561523	4.7150895652e-03
75.622559	4.9631449230e-03
75.683594	3.9005603989e-03
75.744629	3.6407637195e-03
75.805664	3.1760750465e-03
75.866699	2.4994186905e-03
75.927734	2.4230278811e-03
75.988770	2.9141901308e-03
76.049805	3.4533075725e-03
76.110840	4.1845715705e-03
76.171875	4.4759147854e-03
76.232910	4.1401280785e-03
76.293945	3.6381205245e-03
76.354980	3.4518577883e-03
76.416016	2.7371150292e-03
76.477051	3.2146198073e-03
76.538086	3.2091138353e-03
76.599121	4.0897049574e-03
76.660156	3.3199719646e-03
76.721191	3.5342104226e-03
76.782227	3.1357553652e-03
76.843262	3.6173344439e-03
76.904297	2.6685706084e-03
76.965332	2.6350758798e-03
77.026367	2.6741343870e-03
77.087402	2.6216978619e-03
77.148438	2.2954974739e-03
77.209473	2.5103419363e-03
77.270508	3.1291603532e-03
77.331543	2.7473063594e-03
77.392578	3.1825630123e-03
77.453613	3.3657618726e-03
77.514648	3.2226415993e-03
77.575684	2.9731646728e-03
77.636719	3.3645142377e-03
77.697754	3.0623631217e-03
77.758789	2.6494510676e-03
77.819824	3.2730688680e-03
77.880859	3.2520261151e-03
77.941895	3.0343037334e-03
78.002930	2.8656868849e-03
78.063965	3.3780873811e-03
78.125000	3.0580525106e-03
78.186035	3.3271920017e-03
78.247070	3.7782085633e-03
78.308105	4.5106085133e-03
78.369141	4.2560428614e-03
78.430176	4.5270529044e-03
78.491211	4.5580508299e-03
78.552246	4.1646616413e-03
78.613281	3.2331040694e-03
78.674316	2.9953470203e-03
78.735352	3.1849368347e-03
78.796387	3.0822926574e-03
78.857422	2.9519686784e-03
78.918457	3.1085977969e-03
78.979492	3.7811352216e-03
79.040527	2.8733880317e-03
79.101562	2.7956453720e-03
79.162598	3.5491184675e-03
79.223633	3.3302443815e-03
79.284668	2.7668599837e-03
79.345703	2.9783180002e-03
79.406738	3.5791735026e-03
79.467773	3.2858510219e-03
79.528809	3.3257243406e-03
79.589844	3.2642853452e-03
79.650879	3.3872874489e-03
79.711914	3.1036291069e-03
79.772949	3.8099617003e-03
79.833984	4.3037009755e-03
79.895020	4.2999575313e-03
79.956055	4.4533299596e-03
80.017090	3.8033460521e-03
80.078125	2.9067472352e-03
80.139160	2.3278198232e-03
80.200195	2.7631222379e-03
80.261230	2.8661659794e-03
80.322266	3.1106736327e-03
80.383301	3.0547737254e-03
80.444336	3.6078835336e-03
80.505371	3.3054846448e-03
80.566406	3.6209842228e-03
80.627441	3.3527747272e-03
80.688477	3.2891449362e-03
80.749512	2.9726372490e-03
80.810547	2.9055797646e-03
80.871582	2.5689835070e-03
80.932617	3.4228472083e-03
80.993652	3.3231624050e-03
81.054688	2.9763958464e-03
81.115723	2.9501660201e-03
81.176758	3.4022461866e-03
81.237793	3.5773323702e-03
81.298828	3.6036518996e-03
81.359863	3.7775345147e-03
81.420898	4.0639234500e-03
81.481934	3.4573098544e-03
81.542969	3.1176393764e-03
81.604004	3.4142625232e-03
81.665039	3.7597016952e-03
81.726074	3.3526377773e-03
81.787109	3.1875167280e-03
81.848145	2.6224312938e-03
81.909180	3.4309864229e-03
81.970215	3.3379867478e-03
82.031250	4.2063753418e-03
82.092285	3.9838744002e-03
82.153320	4.6549845434e-03
82.214355	3.7662426540e-03
82.275391	3.5853652914e-03
82.336426	3.4733726786e-03
82.397461	3.4387413327e-03
82.458496	2.7570856013e-03
82.519531	2.6046374099e-03
82.580566	3.0947356378e-03
82.641602	3.4767219067e-03
82.702637	3.8778844805e-03
82.763672	4.0442763245e-03
82.824707	4.7903289915e-03
82.885742	4.6524340055e-03
82.946777	4.2131526772e-03
83.007812	4.1107990529e-03
83.068848	4.4984817544e-03
83.129883	3.9455510583e-03
83.190918	3.7375673836e-03
83.251953	3.5300226636e-03
83.312988	3.4054645181e-03
83.374023	2.7503996028e-03
83.435059	2.7706499301e-03
83.496094	3.0144309518e-03
83.557129	3.0852569983e-03
83.618164	2.8516702215e-03
83.679199	3.0082666848e-03
83.740234	3.2136600563e-03
83.801270	3.1077316377e-03
83.862305	2.6019724613e-03
83.923340	3.1654177889e-03
83.984375	3.2720638157e-03
84.045410	3.4284057109e-03
84.106445	3.5065085023e-03
84.167480	4.6996099672e-03
84.228516	4.2788436922e-03
84.289551	4.1072948406e-03
84.350586	4.1950467143e-03
84.411621	4.9248050287e-03
84.472656	3.9030062509e-03
84.533691	4.1821073776e-03
84.594727	4.0519920679e-03
84.655762	3.7736781605e-03
84.716797	3.1074846492e-03
84.777832	3.2619778414e-03
84.838867	3.3090604093e-03
84.899902	3.6891469019e-03
84.960938	3.7997822920e-03
85.021973	3.9128473844e-03
85.083008	3.8083542778e-03
85.144043	4.3341945892e-03
85.205078	4.7219321641e-03
85.266113	4.5980853832e-03
85.327148	3.9844472690e-03
85.388184	4.1268366604e-03
85.449219	3.3886188903e-03
85.510254	3.0933398321e-03
85.571289	2.5570771656e-03
85.632324	2.4478504769e-03
85.693359	2.3501128585e-03
85.754395	2.3130069394e-03
85.815430	2.2045028565e-03
85.876465	2.5895136052e-03
85.937500	2.8755544967e-03
85.998535	2.8153283383e-03
86.059570	2.8840918211e-03
86.120605	2.5230036481e-03
86.181641	2.3497156615e-03
86.242676	2.4010305357e-03
86.303711	2.7449763562e-03
86.364746	2.7166991254e-03
86.425781	3.0455553460e-03
86.486816	3.4909988629e-03
86.547852	3.5913013747e-03
86.608887	3.0357253842e-03
86.669922	3.0334746498e-03
86.730957	3.1706769183e-03
86.791992	2.8233568514e-03
86.853027	2.6944302495e-03
86.914062	2.7097786811e-03
86.975098	3.3433900376e-03
87.036133	2.8635281313e-03
87.097168	3.1076110506e-03
87.158203	3.3606085116e-03
87.219238	3.4942385369e-03
87.280273	3.4703888336e-03
87.341309	3.6539606307e-03
87.402344	3.6542056816e-03
87.463379	3.6105640797e-03
87.524414	4.3150000668e-03
87.585449	3.5904046706e-03
87.646484	3.5498337610e-03
87.707520	3.0308541755e-03
87.768555	3.1609464695e-03
87.829590	2.8940710113e-03
87.890625	3.0120550957e-03
87.951660	3.3630582694e-03
88.012695	3.4661190471e-03
88.073730	3.0632546355e-03
88.134766	2.8682616824e-03
88.195801	3.1758028849e-03
88.256836	2.8844779794e-03
88.317871	3.2934026564e-03
88.378906	3.6772363646e-03
88.439941	3.8053818819e-03
88.500977	3.9468436351e-03
88.562012	4.5454887507e-03
88.623047	4.3228539527e-03
88.684082	4.0637148398e-03
88.745117	3.8525431904e-03
88.806152	3.7183026378e-03
88.867188	2.9743981476e-03
88.928223	3.3173820220e-03
88.989258	3.1305757513e-03
89.050293	3.0486530259e-03
89.111328	3.1639426085e-03
89.172363	3.5526092444e-03
89.233398	3.3868313472e-03
89.294434	3.1957969681e-03
89.355469	3.1968662743e-03
89.416504	2.5932525167e-03
89.477539	2.4539262138e-03
89.538574	2.0655916080e-03
89.599609	2.1511224763e-03
89.660645	2.6019865077e-03
89.721680	2.6878052439e-03
89.782715	3.3296441259e-03
89.843750	3.4010087066e-03
89.904785	4.2798980492e-03
89.965820	4.2691209812e-03
90.026855	4.5092775785e-03
90.087891	4.1750726913e-03
90.148926	4.7235617051e-03
90.209961	3.9143285848e-03
90.270996	3.4022779534e-03
90.332031	3.7725830317e-03
90.393066	4.6911683238e-03
90.454102	4.2180731440e-03
90.515137	4.9103744948e-03
90.576172	5.0652627990e-03
90.637207	4.6995442492e-03
90.698242	4.0913919955e-03
90.759277	3.7645802052e-03
90.820312	3.6539787553e-03
90.881348	3.5943294420e-03
90.942383	3.3848655096e-03
91.003418	3.7660973067e-03
91.064453	4.2152013669e-03
91.125488	3.8056625497e-03
91.186523	3.7460552022e-03
91.247559	4.0162403378e-03
91.308594	3.0875999330e-03
91.369629	3.0447678991e-03
91.430664	2.9469989440e-03
91.491699	3.2290858558e-03
91.552734	3.1678366089e-03
91.613770	2.9871755900e-03
91.674805	3.0956491472e-03
91.735840	3.8322468281e-03
91.796875	3.3510746797e-03
91.857910	2.8847400435e-03
91.918945	2.6335535367e-03
91.979980	2.8502929143e-03
92.041016	2.1731182021e-03
92.102051	3.1549690816e-03
92.163086	4.1268536273e-03
92.224121	4.5877932663e-03
92.285156	3.9578409345e-03
92.346191	3.7843279915e-03
92.407227	2.8265161121e-03
92.468262	2.5409174940e-03
92.529297	2.4211692861e-03
92.590332	2.5904329125e-03
92.651367	2.9495363933e-03
92.712402	3.0069387638e-03
92.773438	3.0138478039e-03
92.834473	2.6378896617e-03
92.895508	3.1385764044e-03
92.956543	3.0388905685e-03
93.017578	3.5277316627e-03
93.078613	3.6384341756e-03
93.139648	3.6656905559e-03
93.200684	3.4649457892e-03
93.261719	3.6129212358e-03
93.322754	3.6052514042e-03
93.383789	3.2672056252e-03
93.444824	3.5734075761e-03
93.505859	4.1194598467e-03
93.566895	3.8900208178e-03
93.627930	3.7355661044e-03
93.688965	3.2895694679e-03
93.750000	3.3675727974e-03
93.811035	2.6912015645e-03
93.872070	2.5116956654e-03
93.933105	2.0571324714e-03
93.994141	2.4872019380e-03
94.055176	2.6377731094e-03
94.116211	2.2955127612e-03
94.177246	2.4285354675e-03
94.238281	3.1566049883e-03
94.299316	2.7969898258e-03
94.360352	2.5537347123e-03
94.421387	2.7721763999e-03
94.482422	3.2352467625e-03
94.543457	2.6971170409e-03
94.604492	2.9265279627e-03
94.665527	3.0210211680e-03
94.726562	3.5662439178e-03
94.787598	3.1072001629e-03
94.848633	3.1082172460e-03
94.909668	4.0859973701e-03
94.970703	4.0575728185e-03
95.031738	3.4795045288e-03
95.092773	3.5373985585e-03
95.153809	3.4176620221e-03
95.214844	3.3889912364e-03
95.275879	4.0750505896e-03
95.336914	4.3121246106e-03
95.397949	4.6783634940e-03
95.458984	6.1361430995e-03
95.520020	5.2500043362e-03
95.581055	5.3517838228e-03
95.642090	5.5952369264e-03
95.703125	5.3467238732e-03
95.764160	4.0224746808e-03
95.825195	4.0631009996e-03
95.886230	3.0384251212e-03
95.947266	2.5048726654e-03
96.008301	2.4436456188e-03
96.069336	2.9044141906e-03
96.130371	3.1892328725e-03
96.191406	3.5258655168e-03
96.252441	3.5939696097e-03
96.313477	3.3422710993e-03
96.374512	3.1872606220e-03
96.435547	3.3188633350e-03
96.496582	3.2828360066e-03
96.557617	3.1405306481e-03
96.618652	3.4196501333e-03
96.679688	2.7419977965e-03
96.740723	2.3539934496e-03
96.801758	2.2315094356e-03
96.862793	4.1341908309e-03
96.923828	4.7994361978e-03
96.984863	5.1099342249e-03
97.045898	4.8651684879e-03
97.106934	5.8106301584e-03
97.167969	5.0200249083e-03
97.229004	4.6550039589e-03
97.290039	5.6269696690e-03
97.351074	5.8215369365e-03
97.412109	5.0520996660e-03
97.473145	5.0875032896e-03
97.534180	5.3889169867e-03
97.595215	4.7019187432e-03
97.656250	4.5308639458e-03
97.717285	4.4923166076e-03
97.778320	3.6130968575e-03
97.839355	3.5223862195e-03
97.900391	3.5286802524e-03
97.961426	3.8657923792e-03
98.022461	3.4971124806e-03
98.083496	4.1431092002e-03
98.144531	3.4662607935e-03
98.205566	4.3941510483e-03
98.266602	4.7393644318e-03
98.327637	5.4012879071e-03
98.388672	5.3585696423e-03
98.449707	5.5984061081e-03
98.510742	4.4420085297e-03
98.571777	3.7563048717e-03
98.632812	3.0379977124e-03
98.693848	2.3462257836e-03
98.754883	2.1643455651e-03
98.815918	2.0362417216e-03
98.876953	2.1576013505e-03
98.937988	3.1024398840e-03
98.999023	3.8441193469e-03
99.060059	4.0001610352e-03
99.121094	4.3016488252e-03
99.182129	4.5721352336e-03
99.243164	4.2213807646e-03
99.304199	4.1062661231e-03
99.365234	4.3804913336e-03
99.426270	4.5821023001e-03
99.487305	5.0366380432e-03
99.548340	4.3534222482e-03
99.609375	4.4324406996e-03
99.670410	4.0491170075e-03
99.731445	3.9466857766e-03
99.792480	3.3596518252e-03
99.853516	4.0366562571e-03
99.914551	3.6915488344e-03
99.975586	5.5744862667e-03
100.036621	7.6538203571e-03
100.097656	7.8487310472e-03
100.158691	7.5295173983e-03
100.219727	7.8121677325e-03
100.280762	5.8801898514e-03
100.341797	3.6331626581e-03
100.402832	3.9175366241e-03
100.463867	4.0135167153e-03
100.524902	4.2089685291e-03
100.585938	3.9566223566e-03
100.646973	4.2674522392e-03
100.708008	3.6680913232e-03
100.769043	3.5041554724e-03
100.830078	2.6084329408e-03
100.891113	2.5895188364e-03
100.952148	2.1273782192e-03
101.013184	2.3519217700e-03
101.074219	2.4998988749e-03
101.135254	2.4177319924e-03
101.196289	2.9853852288e-03
101.257324	3.4700819412e-03
101.318359	3.3020276449e-03
101.379395	3.0354260587e-03
101.440430	3.1099048149e-03
101.501465	3.2753015201e-03
101.562500	3.2051992987e-03
101.623535	3.3737819329e-03
101.684570	3.6585575408e-03
101.745605	3.4284166288e-03
101.806641	3.1655442636e-03
101.867676	2.9552778503e-03
101.928711	3.0412576807e-03
101.989746	3.6839164729e-03
102.050781	4.1743198926e-03
102.111816	4.5396255021e-03
102.172852	4.8820989317e-03
102.233887	5.1129483933e-03
102.294922	4.1310168717e-03
102.355957	3.9285946337e-03
102.416992	4.0936972835e-03
102.478027	4.8243777582e-03
102.539062	4.5496398673e-03
102.600098	5.5458164816e-03
102.661133	5.7463675521e-03
102.722168	4.8791891681e-03
102.783203	3.6103840787e-03
102.844238	4.0783914336e-03
102.905273	3.2482187883e-03
102.966309	3.2330101150e-03
103.027344	3.2330427956e-03
103.088379	3.6238936158e-03
103.149414	3.1461869765e-03
103.210449	3.7365818543e-03
103.271484	3.3620852146e-03
103.332520	4.0039597194e-03
103.393555	3.9494902775e-03
103.454590	3.6804919005e-03
103.515625	3.3610756116e-03
103.576660	3.4618827204e-03
103.637695	2.6004189323e-03
103.698730	2.2686234270e-03
103.759766	2.4765245505e-03
103.820801	2.3357402977e-03
103.881836	2.2642126437e-03
103.942871	3.0796402929e-03
104.003906	4.1711870217e-03
104.064941	4.5367331908e-03
104.125977	4.4430423956e-03
104.187012	5.1525203921e-03
104.248047	4.7307332799e-03
104.309082	3.6708884081e-03
104.370117	2.9443724623e-03
104.431152	4.1631243972e-03
104.492188	4.4234257926e-03
104.553223	4.5665945085e-03
104.614258	5.0507233134e-03
104.675293	5.9604634235e-03
104.736328	5.1802532673e-03
104.797363	4.4582120940e-03
104.858398	4.2597368524e-03
104.919434	3.7357689340e-03
104.980469	2.9890792006e-03
105.041504	2.7017704123e-03
105.102539	3.1292954887e-03
105.163574	3.7329310813e-03
105.224609	3.6832032023e-03
105.285645	3.5927776479e-03
105.346680	3.4461770658e-03
105.407715	2.7982453180e-03
105.468750	2.0369064486e-03
105.529785	1.8860542055e-03
105.590820	2.1974023951e-03
105.651855	2.3579028883e-03
105.712891	2.2584387104e-03
105.773926	2.9118533729e-03
105.834961	2.8691301100e-03
105.895996	3.1881450112e-03
105.957031	3.1045500657e-03
106.018066	3.1776468962e-03
106.079102	2.5077801272e-03
106.140137	2.9391219047e-03
106.201172	2.1630225009e-03
106.262207	1.7609728390e-03
106.323242	1.8191510115e-03
106.384277	2.0082094318e-03
106.445312	1.8315344992e-03
106.506348	1.8586848803e-03
106.567383	2.5420422451e-03
106.628418	2.5942472376e-03
106.689453	2.8925863574e-03
106.750488	3.3741610321e-03
106.811523	4.1041950454e-03
106.872559	3.6607173049e-03
106.933594	3.7546661052e-03
106.994629	3.2896661763e-03
107.055664	2.6309608940e-03
107.116699	1.8575108525e-03
107.177734	2.0550869485e-03
107.238770	3.0068958205e-03
107.299805	4.5646492074e-03
107.360840	5.0904254815e-03
107.421875	5.7028913139e-03
107.482910	5.7456344633e-03
107.543945	4.5397343393e-03
107.604980	3.7370638065e-03
107.666016	3.8097077385e-03
107.727051	4.2355838950e-03
107.788086	4.0872618079e-03
107.849121	4.3910449108e-03
107.910156	3.9593383499e-03
107.971191	3.4668978314e-03
108.032227	2.8509850320e-03
108.093262	2.9213149827e-03
108.154297	2.7618621390e-03
108.215332	2.7593220372e-03
108.276367	2.9188942612e-03
108.337402	3.0909988040e-03
108.398438	3.9944495059e-03
108.459473	5.1832920252e-03
108.520508	5.9256579755e-03
108.581543	6.0578977554e-03
108.642578	5.7571906866e-03
108.703613	4.8373493284e-03
108.764648	4.1823534445e-03
108.825684	3.1950345146e-03
108.886719	3.1572945797e-03
108.947754	3.5199696020e-03
109.008789	3.7933514462e-03
109.069824	3.5085093583e-03
109.130859	3.5797609444e-03
109.191895	3.4575775602e-03
109.252930	3.0169744142e-03
109.313965	3.2075707315e-03
109.375000	3.1648841558e-03
109.436035	3.7224962447e-03
109.497070	4.3908330811e-03
109.558105	4.3367525056e-03
109.619141	4.1266041104e-03
109.680176	4.3884142375e-03
109.741211	3.7781026444e-03
109.802246	3.0576391079e-03
109.863281	3.0660109220e-03
109.924316	2.6091488137e-03
109.985352	2.6833855254e-03
110.046387	2.8459315543e-03
110.107422	2.6988302402e-03
110.168457	2.6014445351e-03
110.229492	2.7460445592e-03
110.290527	2.2376909970e-03
110.351562	2.0180055075e-03
110.412598	2.1128569098e-03
110.473633	2.3644948588e-03
110.534668	2.5436061536e-03
110.595703	2.7874513844e-03
110.656738	2.8529876864e-03
110.717773	3.7924807750e-03
110.778809	4.6985690486e-03
110.839844	4.3318868400e-03
110.900879	4.3481761851e-03
110.961914	4.5203862960e-03
111.022949	3.9616893506e-03
111.083984	3.7086200365e-03
111.145020	4.4349031206e-03
111.206055	4.0818154691e-03
111.267090	3.8151357503e-03
111.328125	3.8165217016e-03
111.389160	3.3318680056e-03
111.450195	3.0895671541e-03
111.511230	3.2461612043e-03
111.572266	3.4442213767e-03
111.633301	2.9236294651e-03
111.694336	3.0492083974e-03
111.755371	2.7441015965e-03
111.816406	2.6873962230e-03
111.877441	2.9835526054e-03
111.938477	3.6959918770e-03
111.999512	3.3249646436e-03
112.060547	4.7802210391e-03
112.121582	5.1730888980e-03
112.182617	4.8350630678e-03
112.243652	4.8111559516e-03
112.304688	4.9036640196e-03
112.365723	3.5712877555e-03
112.426758	3.6456841686e-03
112.487793	3.7677366204e-03
112.548828	3.2480355849e-03
112.609863	3.2999522308e-03
112.670898	3.2947245230e-03
112.731934	3.3130030176e-03
112.792969	2.9821217907e-03
112.854004	3.2331766297e-03
112.915039	3.1527983116e-03
112.976074	2.7207978057e-03
113.037109	2.3856319059e-03
113.098145	3.1328676747e-03
113.159180	2.6327163633e-03
113.220215	2.8024295279e-03
113.281250	3.2943825495e-03
113.342285	3.4211308559e-03
113.403320	2.9532729962e-03
113.464355	2.9714076117e-03
113.525391	2.8121003685e-03
113.586426	2.8606107560e-03
113.647461	2.6580229670e-03
113.708496	2.5903165826e-03
113.769531	2.5376445221e-03
113.830566	2.9611666097e-03
113.891602	2.9264942094e-03
113.952637	3.4660507618e-03
114.013672	3.7046668206e-03
114.074707	4.1636767841e-03
114.135742	4.1839094511e-03
114.196777	3.9327243114e-03
114.257812	3.3632436756e-03
114.318848	3.3717834731e-03
114.379883	3.6620247901e-03
114.440918	3.2620994682e-03
114.501953	3.4566082197e-03
114.562988	3.3801688016e-03
114.624023	2.8647738192e-03
114.685059	2.5746791450e-03
114.746094	2.4954098822e-03
114.807129	2.1955518162e-03
114.868164	2.5384477682e-03
114.929199	3.0536978374e-03
114.990234	3.1814246933e-03
115.051270	3.1089966001e-03
115.112305	3.7407666121e-03
115.173340	3.6826259907e-03
115.234375	3.5676989579e-03
115.295410	3.8016386582e-03
115.356445	3.8415057145e-03
115.417480	3.2362003278e-03
115.478516	3.1095413966e-03
115.539551	2.9282039134e-03
115.600586	2.8521078904e-03
115.661621	2.7874742341e-03
115.722656	3.0535949484e-03
115.783691	2.9745280855e-03
115.844727	3.8328791184e-03
115.905762	3.9805349026e-03
115.966797	3.8296520984e-03
116.027832	3.5935073063e-03
116.088867	3.9066354265e-03
116.149902	2.9905657861e-03
116.210938	2.4647984332e-03
116.271973	2.5460904537e-03
116.333008	2.6424464898e-03
116.394043	3.2101021641e-03
116.455078	3.0700165742e-03
116.516113	3.1053668713e-03
116.577148	3.2347070251e-03
116.638184	3.9836733609e-03
116.699219	3.0149484595e-03
116.760254	4.1433176317e-03
116.821289	4.1536727553e-03
116.882324	4.6782691127e-03
116.943359	4.3183835406e-03
117.004395	4.2819353886e-03
117.065430	3.7665905094e-03
117.126465	3.8775109366e-03
117.187500	3.3097954532e-03
117.248535	3.2548415024e-03
117.309570	3.5823628343e-03
117.370605	4.1915662358e-03
117.431641	3.9950528599e-03
117.492676	4.5508567149e-03
117.553711	4.4982933508e-03
117.614746	4.4752317375e-03
117.675781	3.5620517050e-03
117.736816	3.5450247537e-03
117.797852	3.4242819322e-03
117.858887	3.6698590483e-03
117.919922	3.9738506112e-03
117.980957	4.0673423278e-03
118.041992	4.8162826727e-03
118.103027	4.8490361129e-03
118.164062	4.1393359881e-03
118.225098	4.4575081089e-03
118.286133	4.4699830962e-03
118.347168	3.8482198194e-03
118.408203	3.2724284705e-03
118.469238	3.4660266172e-03
118.530273	2.6470734105e-03
118.591309	3.4983408647e-03
118.652344	3.3668461149e-03
118.713379	3.5928652284e-03
118.774414	3.6996804405e-03
118.835449	4.5966420681e-03
118.896484	3.3419921539e-03
118.957520	3.5420256342e-03
119.018555	3.6351795682e-03
119.079590	3.3777499705e-03
119.140625	2.8367309620e-03
119.201660	3.2006206242e-03
119.262695	3.2636977316e-03
119.323730	3.4699232975e-03
119.384766	3.9669085351e-03
119.445801	3.6548673753e-03
119.506836	4.3834062796e-03
119.567871	5.0729313286e-03
119.628906	4.7389719451e-03
119.689941	4.6271563534e-03
119.750977	5.0738321535e-03
119.812012	4.2530840390e-03
119.873047	2.9839870213e-03
119.934082	3.5605809252e-03
119.995117	3.5731535192e-03
120.056152	3.1665197311e-03
120.117188	3.3113239886e-03
120.178223	4.1756344235e-03
120.239258	3.8738101627e-03
120.300293	4.2075188553e-03
120.361328	4.4382815271e-03
120.422363	4.3753634124e-03
120.483398	3.6377200661e-03
120.544434	4.0312322930e-03
120.605469	3.6175042990e-03
120.666504	3.4466336515e-03
120.727539	3.9442505896e-03
120.788574	4.4866138420e-03
120.849609	3.8713778462e-03
120.910645	3.5844265897e-03
120.971680	4.0177743837e-03
121.032715	4.1968681171e-03
121.093750	4.1622445878e-03
121.154785	3.8935808710e-03
121.215820	4.2253322677e-03
121.276855	3.8143444666e-03
121.337891	3.4607169945e-03
121.398926	3.2262331175e-03
121.459961	4.4517682132e-03
121.520996	4.1269298595e-03
121.582031	4.1051828722e-03
121.643066	3.4907572036e-03
121.704102	3.3159602205e-03
121.765137	2.0901921409e-03
121.826172	2.4328562330e-03
121.887207	3.2091372417e-03
121.948242	3.3554907288e-03
122.009277	4.1510142779e-03
122.070312	4.2316722366e-03
122.131348	4.3592932475e-03
122.192383	3.6868663644e-03
122.253418	3.3549010241e-03
122.314453	2.7500319882e-03
122.375488	3.2840317909e-03
122.436523	2.8350182313e-03
122.497559	2.6134919025e-03
122.558594	2.8308350729e-03
122.619629	2.8773587277e-03
122.680664	2.1645228325e-03
122.741699	2.0541525408e-03
122.802734	2.2606660239e-03
122.863770	2.2200420534e-03
122.924805	2.2061716890e-03
122.985840	2.5168859839e-03
123.046875	3.1029977039e-03
123.107910	2.7672980002e-03
123.168945	2.9549749781e-03
123.229980	2.8237751748e-03
123.291016	3.1924575119e-03
123.352051	2.9190554190e-03
123.413086	3.2098007626e-03
123.474121	3.1916859286e-03
123.535156	3.9910600231e-03
123.596191	3.7329403493e-03
123.657227	4.4079000543e-03
123.718262	4.4052123354e-03
123.779297	4.5949980996e-03
123.840332	4.4355983790e-03
123.901367	3.9676099277e-03
123.962402	3.6029893038e-03
124.023438	3.8128646413e-03
124.084473	3.6155264704e-03
124.145508	3.2481864324e-03
124.206543	4.0459470977e-03
124.267578	3.8778333383e-03
124.328613	3.5730176687e-03
124.389648	3.5681624947e-03
124.450684	3.2270945818e-03
124.511719	3.0838061060e-03
124.572754	3.2083006602e-03
124.633789	3.3757705831e-03
124.694824	3.0551453094e-03
124.755859	2.7713884169e-03
124.816895	1.8970305699e-03
124.877930	1.0349886150e-03
